A,B,C,D,E,F,G,H,I,J,K,L,M,N,O,P,Q,R,S,T,U,V,W,X,Y,Z,1,2,3,4
0.08304482066898686,1784.165849538755,3805.8396058403423,0.35008812970487335,0.1302279233932495,2002.4490601176963,0.1522905701561464,20.526698693370026,0.001626518606774716,0.004498349502682686,-113.57065006014841,121.57179828375645,-19.168141830786567,42.36641931081864,-6.364662969610004,18.62349792464524,-13.704889705913923,15.343149555432882,-12.27410844121361,10.976570552258794,-8.326572193800242,8.803791231568432,-3.672299421905254,5.7479945471953755,-5.162881230931701,0.7527385539353071,-1.6902141675534033,-0.4089800418536765,-2.3035220174566478,1.2212897403748306
0.11236872778278863,2301.26437701532,4742.416842967424,0.3838090282501834,0.09485962241888046,2314.870806618879,0.1761461198566106,20.200388095701317,0.022911289914618726,0.05210329592227936,-131.76233203720918,92.70645612505686,-5.634260592791159,28.531768959579892,-1.451042188170971,5.071641621778146,-5.824562267957509,9.628409091701437,-11.25005945199757,-1.835336575622188,2.2554685212958074,-1.7489221193629634,-6.475535853781759,3.8559557907130686,-3.4622585546634825,0.4939507780394392,-4.662148396553926,0.3084251211996291,-6.716624632573539,-3.1532176012125457
0.19649222979505027,3048.8200891681627,5662.899348354118,0.5418518668019504,0.11815384030342102,2358.8771545422564,0.22990679195037617,19.945111565910654,0.00011116428121974924,0.025535011664032936,-58.702518038365824,70.5301778860504,-19.417684160557073,73.60441813536664,-27.757425814841937,23.768657337232366,-17.90460093024308,21.22724447740411,-16.953655116311833,16.132777624773514,-15.23386216720737,14.869463070707425,-18.704551879088246,11.312296828396313,-14.640012330342659,4.307872354479496,-12.724586716960955,1.1651097785024778,-8.022428887281139,0.9219131138965911
0.11016274531129157,2839.2887217882185,6048.140509443881,0.3009022518133028,0.07849885523319244,2798.5660016925626,0.15823895508668004,21.393717317474422,-0.009172388144043295,0.02790277823805809,-199.03079597453777,61.135663416821686,9.977105023710093,23.487606198134145,10.273458686354845,0.010002584087197097,8.022958779876348,1.124900238878216,-4.896873644350305,9.487030110574327,-6.357680578106043,3.8753512205721923,1.6241105811265384,-1.3460800849923509,2.6083542919407887,-3.5884125922252537,1.9683646256650933,2.538982387644958,1.044008306399585,-0.9701339173836258
0.056246752344354216,1216.1877859258982,2560.00308149652,0.27052429477504886,0.02380259521305561,1582.8265880942567,0.27908973114761015,24.077924313664447,0.009345567490144927,0.0005397310014814138,-356.10588641222677,139.8126638933391,-6.278575880220831,43.17738528362853,-8.85178578009302,11.04790262008641,-8.375141045328611,4.419639368621444,-8.284428189511507,8.676264514379714,-8.13502017231582,3.4287337093699546,-1.4394299877395413,-0.4229748045822194,-1.7279855765492278,-0.28992034810757966,-0.6608423607239087,1.1603184851502797,-0.6185105437051982,-0.25403350196615565
0.12370886806361175,2753.1207913397066,5986.68011800319,0.38429578785769636,0.2111753672361374,2861.501506792945,0.20521369663180739,18.327259499456023,0.005248050811810042,0.046621039509773254,-20.8977357126448,83.23895331997146,5.0461431394843625,16.362434385893337,9.404126779996295,-0.5634061139139918,4.042763126626804,6.208808910664277,9.122962215973013,5.869026013159604,-3.4980661887269444,-0.6332530773320653,-3.170406065982498,1.548860429782288,-0.9168189016065829,-2.959882267110053,-1.3294426236205277,-0.8742405166832609,0.6919945690851773,-1.774849310882821
0.14631192945807572,2687.147967925508,5331.248339692813,0.4952316314296137,0.2931177616119385,2504.896001630365,0.24555438565686366,18.612973470176513,0.005824224200181358,0.05345863848924637,42.32475449886523,78.2588095434388,-17.86733870978713,34.507594136774856,9.067573044071528,9.149569054589595,1.925291423796646,4.432720423590844,2.4171941067819347,3.6937046748383864,-6.749816515695364,7.596857721463686,-4.0889748396558785,2.7096684462629286,0.4298172065577989,-1.3480442046514052,-6.625054367359538,1.0063833624173069,-3.7874593514631107,1.3849862250403702
0.14887894341563118,2749.9260587035815,5239.737324031907,0.4447161645960652,0.09764537215232849,2373.306175690753,0.15060368648200645,20.428322982117937,0.005423237485860757,0.04366978257894516,-140.4881654677989,58.16879645190143,-16.920142625114632,49.209668264363074,19.671627704814757,7.178877815389613,0.3474189362415231,13.744433253124367,-3.2790575529664334,-0.1516602983352383,-0.48879826246668034,1.6824353552418483,-6.440215893456214,-1.5851383570723772,-6.183163675835096,3.4590960855354633,-7.393530555326094,-0.8735891821665577,0.15918643201617458,-2.616106922613926
0.11556020271132847,2480.0487463034747,4923.690639822207,0.41136723286313065,0.2722615599632263,2345.6577849348373,0.16312309175123937,20.189273998539885,0.005422670769925396,0.030040474608540535,-46.40343510333356,82.17745976948677,-15.595438448566648,33.28507076869941,5.559408746659253,0.8282047688013752,1.801686669067954,7.1881197123960225,-7.9962823400732965,4.676548002465011,-6.859808200485306,2.6451716629823143,-2.6258579638070505,-0.682665957550717,-6.050431499036388,1.714344997322877,-7.763542253915195,-1.3145446460796488,-4.913733492737622,-3.012320645319544
