Zero crossing,Centroid,Rolloff,MFCC,Chroma Freq,Genre
107.376953125,2306926.4434536104,4920950.6103515625,50117.10361112461,5431.967420500815,blues
72.45947265625,1978518.445618681,4590825.0732421875,-1438.0951830734948,5289.6148291425,blues
98.64453125,2007785.7411359784,3933642.48046875,26743.474552268362,5642.194562234474,blues
43.068359375,1383647.8531912866,2824876.318359375,1844.950625640452,6280.639640308951,blues
131.1884765625,2372660.5153071084,4628626.611328125,-218745.6188291461,4787.0896695047195,blues
121.595703125,2368768.1639116555,4501602.24609375,-183581.52614567726,4692.9113111002935,blues
94.45654296875,1886960.847902624,3614724.9755859375,-203162.57820287213,4520.245015368973,blues
79.44482421875,1877005.5161347664,3820603.9306640625,-154158.29333833855,4778.226720282694,blues
82.7841796875,2223144.049819787,4890534.9609375,51776.11382748583,6344.1704046989435,blues
102.373046875,2349576.066021556,5098933.30078125,-132297.70566416776,4250.614371603628,blues
81.40576171875,1823072.1455489234,3576309.7412109375,-95191.24443076972,4716.760138262725,blues
56.80224609375,1748988.9474167174,3724845.7763671875,-170837.91182359203,5696.731246446553,blues
89.33984375,1759309.0680306824,3541059.8876953125,-77333.65223136419,4179.872564678275,blues
66.46240234375,1712311.1310654944,3504378.076171875,-38088.54754429114,4107.28424156751,blues
58.232421875,1515199.757399844,3031110.5712890625,-93210.86191540054,5105.327432850239,blues
82.36572265625,1836532.1585182925,3788444.091796875,-95110.20538868925,4184.516489094232,blues
79.31787109375,1881268.37568112,3891232.8369140625,-62669.042330275646,4719.742821191581,blues
62.48583984375,1407875.5890702999,2760545.8740234375,-39565.63734612659,4687.756063662026,blues
72.59130859375,1988100.894191319,4519700.9033203125,-55629.16489977835,4188.269624201596,blues
76.1396484375,1545743.195880238,2890197.2900390625,-83105.01496853419,3992.651677302318,blues
67.994140625,1797659.9139209338,3886980.029296875,-71251.32076614494,4695.321656623989,blues
61.9443359375,1353189.1636075582,2366617.4560546875,-23663.352144894503,4982.193382640874,blues
75.73095703125,1494425.1185820494,2804559.7412109375,-7888.409345131281,4756.224913814507,blues
67.83984375,1564514.306719881,3260611.4501953125,-62285.12723181166,4357.244505377259,blues
61.1279296875,1448185.1707446184,3004700.09765625,-84791.90500411298,4082.449123419054,blues
66.8447265625,1434393.1502137876,2900640.8935546875,-27889.679853959904,4514.531572279213,blues
67.20068359375,1549607.5963139995,3203117.7978515625,-77056.03204425886,4319.320023288956,blues
93.6318359375,1799651.6439451943,3635526.0498046875,-93328.60552656327,4479.582619762819,blues
62.08984375,1442636.5651098746,2961805.95703125,-104161.18057426086,4284.828149720672,blues
68.39306640625,2131943.874102102,4861540.5029296875,-222843.0907030602,4350.01189074427,blues
50.900390625,1783291.8708435597,3900352.1484375,-227565.07784464222,4083.715809029428,blues
55.53076171875,1720615.2933808242,3748133.935546875,-249717.13077222294,3934.131703573645,blues
50.92919921875,1693031.453634196,3572799.8291015625,-310113.4785428011,4286.214479661444,blues
54.27197265625,1849626.71563017,4196390.625,-269980.83114663337,4044.017347546148,blues
59.09326171875,1987467.7405727052,4657933.30078125,-220811.03573594298,4070.836281000207,blues
58.72802734375,1948386.6283091893,4401612.8173828125,-193824.14666063222,4474.5790399922425,blues
47.72119140625,1612830.0534153415,3387904.98046875,-253243.60377038983,3621.40523007941,blues
62.27587890625,1536482.4273298883,3024704.443359375,-304753.61730696773,3857.8063272897543,blues
57.37451171875,1957732.1707648875,4463326.9775390625,-220406.1056782718,4125.519591061178,blues
45.669921875,1488254.6274021096,2988700.927734375,-346361.5060766147,3960.3946059347445,blues
126.25244140625,2938264.334700682,6604922.4609375,52937.666781308246,6175.304407825928,blues
132.22314453125,3090774.399005726,6986641.552734375,63410.52030031046,6002.639657101288,blues
126.486328125,2975981.2994471537,6707538.9404296875,45573.847060369415,5857.886975831211,blues
112.716796875,2787552.3599799094,6479965.283203125,51200.08231796672,6189.651919256237,blues
119.63525390625,2946696.898443858,6721783.154296875,90965.1389112329,6053.954188476993,blues
62.12646484375,2248700.3045596466,5884626.0498046875,29037.269408920627,6663.141466228366,blues
75.5859375,2473523.998563784,6177725.244140625,9518.840532510807,6019.703576201912,blues
97.3935546875,2602824.083165628,6269532.0556640625,3486.4317773571393,5219.899208158795,blues
127.70556640625,2777619.5089859827,6041150.9033203125,47623.85656853471,5888.778822140088,blues
51.669921875,1704421.5644870992,3937033.9599609375,-104681.48534462956,4306.858981379581,blues
110.92724609375,2515574.3085058862,5397749.560546875,108921.5484854407,6220.923090002538,blues
137.8359375,2556563.886254402,5098879.4677734375,125443.45328657597,6108.457925161446,blues
86.8740234375,1866846.4672654525,3970431.9580078125,-26514.661234208153,5260.044383174906,blues
171.72998046875,2807679.5005867546,5478854.3701171875,79751.94836996456,6399.492349886655,blues
133.69482421875,2625639.741010485,5253961.5966796875,127257.69270830238,7024.803183616597,blues
146.26318359375,2627378.403985354,5202464.94140625,84671.77843614086,6717.443404059499,blues
97.62548828125,2342620.2318617413,5079962.548828125,34911.74307016725,6067.547484683628,blues
116.2919921875,2439832.5676886463,4949977.3681640625,81519.43114414702,6584.764229697337,blues
134.9267578125,2674387.508930764,5471673.046875,49493.84662309673,5533.656783862804,blues
183.91845703125,2890617.1317729084,5675538.6474609375,84942.67400917146,6297.001627684418,blues
125.9677734375,2516606.0859478563,5114501.806640625,124529.54669976767,6684.405572452759,blues
216.62109375,3237601.516422133,6565042.96875,34445.1168436998,7012.282879675391,blues
151.46435546875,2948397.4782682066,6119940.8935546875,-96033.94043197056,4839.015614431686,blues
199.65283203125,3672198.563825514,7385404.1748046875,-116068.24933343532,5123.870097007313,blues
189.85498046875,3301496.0091718403,6656849.7802734375,-40735.08161865313,5161.397301578336,blues
189.142578125,3641379.8800339717,7258412.109375,-117319.76352576578,4543.6653844326665,blues
157.4765625,3026657.587751794,6430040.5517578125,-19559.17676252656,5812.18765076106,blues
145.728515625,2919606.042599642,6147697.1923828125,-14050.715446083314,5242.943719036904,blues
174.69384765625,3249713.7315281946,6784046.4111328125,-34488.95190497484,4497.148579082016,blues
161.79150390625,3066324.3431745386,6471761.1328125,-149287.9323922741,4530.692027661651,blues
127.16357421875,2792093.8557877303,6057096.240234375,-87653.80524340481,5008.7079023051165,blues
174.09130859375,3140604.895667811,6548957.666015625,-7624.759041181799,4735.096516183454,blues
167.04345703125,3355441.4461229416,7318543.5791015625,-118242.50412853576,4762.881959334767,blues
129.99853515625,2708537.7377411695,5795780.0537109375,144433.34821473312,5304.614652955825,blues
156.31103515625,3252492.995117127,7461814.74609375,104472.85452612338,5696.878417287577,blues
140.302734375,2875775.1833549147,6077402.05078125,114388.79393830788,7238.667281502344,blues
176.4580078125,3421000.8879686156,7257346.2158203125,129827.17653230538,5673.048841537612,blues
144.21337890625,2853934.3799867537,6023289.111328125,119107.4681248914,6344.309039159989,blues
160.0986328125,3017229.0166382147,6390774.755859375,125556.87352719964,6426.358343960414,blues
161.21435546875,3158632.7326044515,6811135.1806640625,140572.3378179316,6538.992908218342,blues
121.5927734375,2362580.590692426,4840427.197265625,67689.48503972689,5713.685214548073,blues
164.5615234375,2737174.533036179,5424989.0625,61860.82833963549,5898.182048461048,blues
135.9267578125,2768983.009162346,5984809.27734375,82623.58410976644,5262.642110289557,blues
152.509765625,2993201.5963515546,6512135.888671875,173058.5547188642,6629.850189867464,blues
146.583984375,2664550.1256820234,5456556.73828125,124026.55020432765,6146.5710514074035,blues
76.79345703125,1696220.4983339156,3409448.9501953125,17871.259066323906,4892.322869586599,blues
63.12255859375,1610729.0141654667,3256046.4111328125,-17277.847254816283,5676.691956904402,blues
65.77392578125,1864375.739249283,3986065.0634765625,14354.337705442855,5226.701562208376,blues
41.4453125,1301592.8822546196,2682251.1474609375,2023.2595614034092,5865.46925767094,blues
33.1630859375,1032397.3660057725,1880569.9951171875,-161677.96355670944,5406.93328425865,blues
75.24853515625,2084981.8238346525,4484537.1826171875,36595.203493366986,5859.064851765191,blues
46.61572265625,1281871.8119613393,2512817.138671875,-24828.543039817658,6548.623231651025,blues
41.77880859375,1187730.6234512185,2069222.3876953125,-105806.92970303139,6065.415687346971,blues
28.05419921875,737062.1787125097,1199453.2470703125,-91484.88901249351,5858.944292191276,blues
65.78662109375,1602279.8847160968,3254808.251953125,1381.8690021226184,5844.637957407835,blues
73.89111328125,1795505.2577168364,3562033.2275390625,58623.15250913071,5740.04595210898,blues
62.44287109375,1463851.7931018958,2669998.7548828125,-246992.0514911327,4042.2988666286046,blues
57.68701171875,1598446.3886367935,3366113.37890625,41383.56876103599,5819.467328688158,blues
166.06298828125,2987474.224962413,6244316.6748046875,47477.62279189603,6873.055806724655,blues
96.67578125,1989144.0839750909,4104260.8154296875,-87608.78211697092,5744.251704653489,blues
127.001953125,1946180.1861926112,3512183.8623046875,-178572.2999883592,3916.1129946290353,classical
113.48095703125,1759312.2672560555,3087333.7646484375,-257191.2915786668,3335.8627280063997,classical
116.42919921875,1926926.0455776923,3601385.15625,-139164.35419265428,4312.7978185597985,classical
140.86767578125,1973932.4379093377,3770388.5009765625,-213150.9622536072,3634.301960296724,classical
145.92431640625,2205293.2945010345,4105186.7431640625,-252866.38457178735,3437.9384770883607,classical
97.24658203125,1850354.3643840745,3666942.9931640625,-173176.70311539693,4166.515053447256,classical
94.26123046875,1774820.67595082,3539864.794921875,-183383.81823849923,4057.037585408884,classical
94.55322265625,1756994.050264542,3449360.7421875,-177696.07233605062,4290.763712661765,classical
101.85986328125,1961262.6352739853,3845539.3798828125,-211480.7774530973,3952.753974299353,classical
72.72705078125,1572530.8072021864,3310083.984375,-245310.06335994398,4197.454957729658,classical
111.47900390625,1936098.228898785,3709072.705078125,-238292.18739850284,3800.726797101209,classical
78.55908203125,1228679.1181627382,2194717.8955078125,-265914.1627898158,3771.862619627065,classical
85.28955078125,1526235.7938877032,2785761.2548828125,-254666.0350477593,3655.8142176543047,classical
104.57275390625,1794634.6115719366,3359707.2509765625,-265014.2579555888,3602.446299685028,classical
88.5068359375,1654309.329606835,3088959.521484375,-269864.0677703272,3631.2479431717757,classical
97.904296875,1773066.1500379918,3387258.984375,-323439.42833218654,3361.5394967599727,classical
61.62109375,1363527.6084095943,2517554.443359375,-379512.80777857406,3402.345325774162,classical
104.8349609375,1756601.2738104698,3125049.169921875,-266543.56963299523,3977.955194445261,classical
91.37158203125,1497186.3502872624,2821226.4404296875,-278355.34224817844,3708.3885894259856,classical
74.51416015625,1532476.7098232307,2961967.4560546875,-349241.2348154914,4406.438285267734,classical
90.2509765625,1574957.693206973,2966887.79296875,-223064.4100046717,4174.47745201185,classical
102.84423828125,1772784.3496738714,3322454.8095703125,-238678.3328311231,4139.052867765386,classical
88.494140625,1566042.4836524911,2892339.84375,-201706.87729515284,4286.403379964704,classical
57.17236328125,1271955.962492513,2395579.6142578125,-245076.5346791116,4146.247661835105,classical
92.6162109375,1620261.024663324,2964519.140625,-165829.17350521532,3929.8643293874493,classical
88.3017578125,1531083.3872422674,2766047.607421875,-144332.09269690834,4614.8559351115655,classical
105.6796875,1653117.770533653,2887473.33984375,-286898.54525757063,3812.7096725941637,classical
69.08837890625,1165886.027142208,1883046.3134765625,-253317.73890778067,3734.586271209721,classical
104.85595703125,1699366.7881265443,3101330.3466796875,-177121.55847193245,4079.369507915615,classical
119.20654296875,2015811.7781151538,3779087.9150390625,-236649.35868804395,3830.4278113201203,classical
82.3701171875,1607644.7410249114,3041489.5751953125,-343174.22024930787,4319.193222102298,classical
51.0,1063150.927977351,1853535.05859375,-291325.316712167,4705.4692001892645,classical
47.28857421875,1025195.4361252784,1561297.1923828125,-480922.6904585654,4393.862740290171,classical
70.333984375,1458830.6266723685,2800274.6337890625,-407005.30268715566,4717.867247076704,classical
95.087890625,1770750.6846260293,3432995.5078125,-263057.660343471,4251.058255841007,classical
79.03271484375,1313925.7421611126,2358262.5732421875,-241959.07131948785,4952.147498041668,classical
76.81640625,1657995.3309711972,3157435.107421875,-430872.1241921982,3712.6194225717,classical
121.4326171875,1983033.0219134705,3669020.947265625,-285807.7328348756,4408.873084496061,classical
98.0595703125,1654103.841431384,3073444.8486328125,-278058.4372651167,4568.198189691853,classical
140.880859375,2112400.0540970126,4088100.146484375,-350225.61372838076,4201.7873844140195,classical
93.89794921875,1805794.010876609,3429571.728515625,-310752.52588250703,3888.30731279071,classical
101.91064453125,1718963.8320057201,3183770.21484375,-349251.80169693165,4162.022413888299,classical
122.775390625,1734674.0993047329,2840175.6591796875,-146890.32224786235,4109.696244776529,classical
65.95458984375,1374555.563284138,2082680.6396484375,-228899.2405423893,2963.825726930881,classical
92.72119140625,1527472.745398947,2628310.4736328125,-397699.60224627255,3914.5612802570386,classical
80.93994140625,1529420.7019379064,2474208.10546875,-136561.51226039612,3683.9200215737237,classical
144.267578125,2428747.9326829053,4697888.1591796875,-32696.21591929295,5381.000690462986,classical
85.77783203125,1517831.4827573472,2692963.916015625,-423304.6768957925,4011.0641452981295,classical
113.01123046875,1961976.3458584254,3585741.2841796875,-28304.577261324626,4609.213198036685,classical
141.40478515625,2874532.2518169517,5771921.2646484375,-55758.7698178933,4830.8428783196205,classical
63.98681640625,1512846.3021134883,3051588.6474609375,-353942.2492481464,4439.011755039721,classical
77.65576171875,1973697.721996737,4161334.5703125,-53488.80748376354,5913.136388118878,classical
164.12255859375,3118181.4972223025,6456644.82421875,-159857.4520529214,6017.29294500793,classical
114.76025390625,1914158.9467702922,3586731.8115234375,-1300.845232209805,4776.866039532405,classical
151.20849609375,2236773.8235939695,3706747.119140625,4352.27570651671,5038.114966072233,classical
76.724609375,1395675.5323869889,2281378.271484375,-492368.5532162706,2895.1939414535027,classical
125.35205078125,2178868.2132851365,3989359.6435546875,4355.261379857538,4868.46838276195,classical
123.1318359375,2264197.594766367,4183599.90234375,-383381.53016622085,3938.5899208396204,classical
105.82421875,1471428.2199191423,2354957.2265625,-252338.52246459076,4121.139443405844,classical
120.59326171875,2005699.0546872788,3673359.8876953125,-193726.7763309505,4385.4624117333005,classical
134.49755859375,2332458.4154472966,4353539.94140625,-175489.37505492734,4737.526784448889,classical
98.4033203125,1709437.0809869142,3198402.0263671875,-237950.13320882613,4371.992844533865,classical
95.7197265625,1906745.5324965776,3632866.69921875,-267203.72703766986,4967.750454391408,classical
46.60595703125,892429.7098008336,968638.8427734375,-353252.59077531524,3520.159070864135,classical
54.67822265625,1445380.4841752374,2421451.7578125,-389914.57466730213,3087.814911376615,classical
61.427734375,1071575.0794661483,1310683.0078125,-392699.9332144169,3214.608689716857,classical
58.21337890625,1027876.8827405329,1302931.0546875,-369243.5757459672,2902.482996925962,classical
59.93994140625,1445564.056045923,2577007.6171875,-344889.4663326295,4148.377111353967,classical
123.05810546875,2016910.4919715554,3637625.537109375,-181232.631492583,3992.113190592194,classical
102.474609375,1744612.5926321107,3159394.62890625,-194782.97761863552,3671.6467246022075,classical
91.59326171875,1752666.7005062043,3260719.1162109375,-240502.09706914003,3788.824082421753,classical
98.0908203125,1806886.3933951259,3382532.4462890625,-197071.36422072473,3228.564098317799,classical
82.4189453125,1661693.4050668161,3202224.169921875,-229439.52613052243,4334.374488847594,classical
91.72509765625,1566615.6644914933,2722076.806640625,-233131.57665652703,3356.408903468507,classical
93.2744140625,1758679.0230491692,3321711.9140625,-219707.72321683803,3683.5793094966493,classical
78.697265625,1514700.7644423274,2890261.8896484375,-285567.1688221875,3372.578142422125,classical
92.76708984375,1733450.5999527187,3261612.744140625,-149003.25113705618,4040.173417530076,classical
62.4970703125,1049347.6172960016,1597839.0380859375,-519077.5036196323,3398.566687038945,classical
53.37744140625,925011.8209058935,1341873.8525390625,-557747.8238685349,3493.4286596773472,classical
67.35009765625,1020721.6209565857,1497375.87890625,-479325.97896510205,3376.7542013644206,classical
40.77294921875,1256508.1665226424,2465196.4599609375,-373815.3024518343,6794.548531947896,classical
78.32275390625,1569665.4241255596,2797905.9814453125,-330804.5198866533,4140.086364158345,classical
112.97998046875,1829932.7914877222,3219267.7001953125,-377514.8101820856,4386.801065118702,classical
65.65380859375,1102664.9121226345,1811513.0126953125,-332482.64877527265,3799.134428317673,classical
74.92236328125,1295247.6604531044,2239765.3564453125,-403520.99095690664,3813.7304014605525,classical
118.42529296875,1972834.8765683584,3534126.1962890625,-270749.5008468011,4806.5299971333225,classical
99.34716796875,1753508.3218397931,3227590.283203125,-264370.0089755762,4842.053503157358,classical
66.0009765625,1133939.5740680785,1884435.205078125,-373980.21860759245,4256.940928778346,classical
91.2421875,1685930.5291009122,3038733.3251953125,-286822.3119512364,4567.429199801328,classical
215.48193359375,3133326.246002215,5555394.140625,-190126.8335638731,3371.4335203374585,classical
196.490234375,2808574.8127137786,5257923.7060546875,-236359.67988766913,3349.9260765050713,classical
197.06005859375,2835096.8251744295,5257353.076171875,-149748.28772182978,3505.3546329217106,classical
169.341796875,2337601.6292621735,3973403.5400390625,-176088.75733436033,2810.5280788759087,classical
139.966796875,2099640.5427989042,3532877.2705078125,-189757.3151613971,3521.015881109835,classical
90.66357421875,1840531.0894447842,3783351.4892578125,-228908.8548926741,5723.502353413445,classical
160.7900390625,2328549.07896301,4431425.537109375,-302468.6849228894,3532.8843852778546,classical
152.0205078125,2500260.6554874536,4621133.056640625,-112314.47572258777,4546.995230237742,classical
111.08154296875,1932284.8283284944,3596884.716796875,-221243.9939934007,3448.6649141556436,classical
159.58544921875,2524576.695224365,4887315.7470703125,-201965.99432859267,4498.3885815200865,classical
104.326171875,1971985.1387574049,4300105.2978515625,-199976.01300291088,5180.923661338305,classical
138.9375,3626006.874363705,8062644.9462890625,172095.34317619278,5972.382792412873,country
164.19580078125,3799034.8781579467,8119460.302734375,176360.51630464205,6424.127788051232,country
97.00439453125,3019744.761525253,6788589.9169921875,30494.282549208976,4662.425406216246,country
132.51318359375,2808851.7586586527,5617463.5986328125,116261.45533285885,5843.371379663899,country
160.416015625,3832183.234411769,8203106.0302734375,159760.820693372,5934.637065226595,country
177.693359375,3812960.1844150894,8048799.0966796875,159713.6633160093,6505.523226444023,country
167.69873046875,3669792.800683787,7871516.2353515625,130883.74342888618,6610.58350449225,country
145.9130859375,3745143.285312851,8268610.0341796875,167790.60478117954,6535.531582705788,country
135.61767578125,3249908.3242018837,7107507.421875,201788.5218763158,5529.920863953226,country
203.30712890625,4135791.9117752044,8977009.350585938,190349.0450387288,6681.9562384999845,country
98.96630859375,2406648.533036511,4873426.8310546875,-133763.77559744954,4523.546584265714,country
142.4404296875,3671200.3172721663,7820245.6787109375,-102162.61987937348,4668.7993391352065,country
82.8212890625,2155998.9322843105,4447327.8076171875,-64890.11873355977,4601.493134685853,country
167.47216796875,3635579.654752751,7837095.41015625,-33559.03081826787,5711.269532206479,country
161.345703125,3818043.138004253,8495386.962890625,-19415.734165548096,5663.061189723177,country
121.84765625,2532569.864913586,5440589.8681640625,-60247.75330499285,5887.513556414702,country
77.83251953125,1843710.0046644742,3724791.943359375,-182158.56353255824,5003.735258869782,country
82.583984375,1900954.1566452764,3837206.0302734375,-33811.59454336887,5544.4940481026015,country
123.5966796875,2674811.46604017,5299235.15625,-67246.38160828143,5741.33258339609,country
65.87158203125,1472356.2279080441,2738215.9423828125,-165817.11483516858,4897.6558889549,country
112.23828125,3112381.1210179394,6736554.931640625,-20764.108549042492,5667.888329977487,country
59.0244140625,1349951.751782312,2516746.9482421875,-114554.66766081259,4487.258714965286,country
87.998046875,2223066.8428965006,4460075.4638671875,-152806.60681497445,4988.446554963963,country
45.8544921875,1932601.9613229653,3944333.7158203125,-265063.2430993855,4738.150417349125,country
106.56640625,2248383.055202438,4428346.2890625,-156618.41325145873,4194.810362591269,country
74.05908203125,2023234.6116880234,4121272.0458984375,-107982.75646430417,5388.616012956713,country
70.86181640625,1641398.8083543684,3227977.880859375,8689.523678559464,5118.694437450797,country
125.8740234375,2601053.5255502937,5052518.4814453125,-81991.28733105802,6079.595387684898,country
77.34130859375,1906136.0386443767,3783136.1572265625,-90603.9771649949,4937.615421842285,country
70.09423828125,1569765.2528781598,2940251.220703125,-52448.5406071064,4808.852171097378,country
55.384765625,1604042.464743314,3119655.1025390625,-124261.0084485767,3435.860128226223,country
123.25537109375,2654825.2116252384,5294260.986328125,-24343.950940043538,4862.702175707293,country
87.38916015625,2357227.9503004737,5192032.1044921875,-85030.3214767136,5136.433531661332,country
159.85595703125,3176426.626937214,6354695.8740234375,-64999.79177376722,4917.063419094624,country
154.23193359375,3380468.8160466063,7028415.966796875,-74474.03083582889,5571.222554532427,country
134.9443359375,3002179.8915544245,5922481.4208984375,-25275.10908270445,5832.066977523578,country
109.732421875,2363076.282773019,4715857.6171875,-312763.48744643055,5348.702651960166,country
109.85888671875,2674684.644070491,5473094.23828125,-80421.16908612246,5802.148974651378,country
156.64599609375,3697948.4534711773,8076329.296875,-23473.49622815966,5700.713985451732,country
274.5908203125,4862055.82850138,9622445.581054688,2435.169023469174,6790.658791684052,country
137.453125,3167825.084916316,6521104.4677734375,-39861.17283296359,5794.830673657809,country
123.947265625,3405866.4413726786,7509521.5576171875,51756.205666915186,6173.113663933788,country
112.54833984375,3087576.319257511,6971557.5439453125,-21750.883878467816,6076.499524005983,country
173.630859375,3271792.821867519,6555557.5927734375,-8368.92394767262,6254.191395878324,country
85.9892578125,2236408.6934615355,4342934.8388671875,24029.66534170136,5587.322098399354,country
171.93115234375,3591156.0313708717,7269781.640625,6708.8989242898,5360.997274365607,country
149.8388671875,2727310.46198468,4970057.080078125,-60074.43168330862,5806.655547114432,country
121.67138671875,2306661.6399352453,4597715.6982421875,-120711.13885830312,4815.54249771028,country
82.705078125,2508115.164703692,5337338.1591796875,-59122.972535748326,4826.47251045168,country
97.9990234375,2068561.1252453264,3887109.228515625,-44694.86579135155,5024.915742701685,country
102.076171875,2301736.430380961,5009990.4052734375,16486.68863474728,5448.346612406782,country
76.64794921875,2007838.32828607,4095087.6708984375,-135359.95015271378,4262.298521377663,country
45.853515625,1442282.364616176,3035072.6806640625,-31870.498525231855,5101.767722621153,country
140.04248046875,2937447.1882095705,6410402.2705078125,20052.033113390302,5793.07212872078,country
77.81884765625,2138883.5380639248,5052410.8154296875,670.2710386004019,4854.372356730808,country
104.88232421875,2432520.163260078,5316149.4873046875,74870.55379044014,5540.04056729018,country
71.01806640625,1898665.845758706,4153668.75,27520.09422984736,4953.015418427219,country
97.55078125,2252069.1834334205,4900870.8984375,-53444.085001618405,4888.178549096025,country
94.76025390625,2323232.8491777796,5385669.43359375,76057.61552435903,5402.125014423915,country
67.927734375,1985116.4380555598,4538316.357421875,34306.784778600355,4411.627087671794,country
55.49072265625,1776158.9532374118,3970012.060546875,67317.48574491034,5307.6824596529,country
62.81787109375,1807383.3369938633,4009503.955078125,-5698.918182927453,4880.552941868375,country
132.31982421875,2801247.7233244414,6198149.4873046875,35913.960240209664,6059.275876909249,country
75.32763671875,2087869.3649236064,4732179.78515625,36368.90532493613,5180.740426479673,country
77.67724609375,1954564.8645051992,4185193.359375,-86743.47837355216,4086.8745474691477,country
49.998046875,1156153.0255145999,2119071.7529296875,-149797.80500295275,4388.416735441455,country
127.88330078125,2200581.3605472064,4195303.1982421875,42815.837820422676,4975.0691355108665,country
45.7255859375,1108926.686910458,1866788.7451171875,-170968.21227414205,4983.2734650844795,country
64.955078125,1462323.9011696703,2866370.80078125,-88327.3797844561,5420.3646886505685,country
78.96826171875,1716694.7667219846,3563206.787109375,-18515.575368999816,5465.511216802928,country
122.4765625,2501627.2750789225,5234549.4140625,23179.242429600825,5668.436527512835,country
78.24951171875,1631084.0338194254,3131929.0283203125,-207142.58593481063,4540.225375839975,country
106.375,2212688.031316233,4598469.3603515625,-7840.656242432476,5352.92220852462,country
90.1689453125,2002863.4334446015,4253518.212890625,-62104.982606167076,5816.622589204095,country
91.96875,1983495.1998296601,4031252.490234375,-143719.39871411741,5508.567250055127,country
147.0380859375,2827903.1177774416,6259228.41796875,99528.72618783505,5769.824261332074,country
85.98291015625,1708263.8721661896,3347788.623046875,-83264.30765728357,4612.266323834985,country
113.5537109375,1956307.1385703066,3778592.6513671875,-27644.021806304943,5234.497090187488,country
64.51513671875,1480120.2687555233,2874488.818359375,-120757.46128824973,5839.611590344883,country
59.16845703125,1245793.2942927359,2268469.1162109375,-125107.66533796294,4815.094682045905,country
115.5439453125,2649416.194964772,5733398.3642578125,56936.45850895748,6014.210641941332,country
130.65478515625,2718310.348169107,5712629.58984375,55736.711029603175,5871.889935394057,country
137.1396484375,2913584.3720149714,6205653.80859375,51707.77969772322,5989.643754122196,country
76.9912109375,1856845.038596972,3781090.5029296875,27394.75989782681,4942.40910546252,country
120.23974609375,2540541.844032476,5248470.6298828125,18964.68781959686,4962.586861233362,country
89.56298828125,2064025.6182235815,4255833.0322265625,55129.17542668129,5242.754146011674,country
101.22216796875,2430064.8722352907,5212617.8466796875,23719.204196143543,5775.359936843717,country
95.6298828125,2057541.6841125796,4089607.470703125,-75813.09526199575,5097.0627315729225,country
85.4033203125,2098198.102472663,4560398.6572265625,76006.43324343828,5488.562977427364,country
67.8720703125,1708822.2950584558,3340854.931640625,-25591.27775825259,4998.97181956019,country
128.0029296875,2492146.745990335,5021338.4033203125,47755.64979579,5761.120110887742,country
83.70654296875,2021383.45967676,4181274.31640625,-75297.2797279903,5483.897092095614,country
156.7236328125,3019249.762797845,6257182.763671875,81445.81196581446,5748.371152553806,country
88.08935546875,1988180.4083616333,3950535.2783203125,-219929.2720418205,3895.8820530376083,country
81.45849609375,1906701.64279283,4018278.7353515625,88979.33705439439,5691.485930512978,country
87.10546875,2014085.2763479701,4164650.68359375,29215.50649073407,5102.7279612991115,country
125.955078125,2268282.917006932,4532017.8955078125,125351.39992185326,5054.260398078638,country
86.888671875,2018334.7783029852,4105412.841796875,59197.5001926725,5400.774240579908,country
79.806640625,1842538.312578668,3853302.099609375,-6448.149435145735,4202.015059784091,country
139.9619140625,2789617.840332684,5790892.0166015625,81135.89950357754,5909.089859755728,country
125.2900390625,2982634.2280957047,6345630.3955078125,15587.658540925742,6938.74232832348,disco
245.4951171875,4286999.008963623,8492167.749023438,103693.62005549515,6416.561402359952,disco
198.2666015625,4644586.926304727,10440718.06640625,46770.01956362838,6393.8175897375595,disco
195.1767578125,3974729.204172726,8099251.3916015625,167741.20871004433,7752.282423576253,disco
218.53564453125,4303731.265047219,9304174.072265625,-2990.870656190652,5928.770860607057,disco
188.73974609375,3553181.1648894623,7140851.5869140625,127668.82348140069,7016.462199423342,disco
211.59326171875,3682914.485859948,7120244.3115234375,85989.70992970739,7354.20123957647,disco
181.39697265625,4006983.246431292,7884812.98828125,74154.24237524817,6696.401714475866,disco
213.44189453125,3639341.1945108054,7074023.291015625,82658.97201268318,7081.276369624783,disco
220.67333984375,3900932.0530219506,7699842.7734375,-22646.340293915626,6858.3438490243125,disco
194.34130859375,3720381.184883839,7583445.0439453125,161364.3321429433,6791.211719259753,disco
169.345703125,4050734.4173892583,8875168.06640625,42184.611168798234,5794.477596044544,disco
170.4228515625,3547704.4165310245,7400305.1513671875,120277.2903045091,6661.244194876802,disco
206.27099609375,4385058.1918867305,9314693.041992188,58384.33306033238,6535.729477190084,disco
201.9482421875,3988903.8810917255,8436482.885742188,78288.7189365544,6762.295679105029,disco
116.66357421875,3054324.5937609766,7032647.2412109375,80278.36826052456,6437.768922665253,disco
149.09375,3289123.2612945503,6961889.1357421875,140135.32555715393,6816.000339322162,disco
156.09228515625,3315664.6196529963,6967014.0380859375,-49528.44966703816,6276.212883074446,disco
185.6533203125,3934449.7922227103,8839885.913085938,60470.3895541683,5739.3280377454485,disco
134.0263671875,2737966.495777641,5428660.4736328125,54986.19232791187,6905.269193086191,disco
133.51904296875,2737186.9660539953,5623439.0625,-7866.947166014201,5314.327174314021,disco
160.390625,4200457.038625417,9597014.868164062,-4874.650217343309,6227.616506095954,disco
223.54248046875,4794503.8497833805,10096509.814453125,29872.877462602184,6773.451026456025,disco
195.21484375,4095664.9774887627,8702073.413085938,61418.69533949964,6754.595977091838,disco
155.43994140625,3393601.817338079,7247850.0732421875,5414.130991781156,5783.23323786795,disco
128.86083984375,3116366.2914400827,6569069.677734375,-112171.44073474691,5554.85267217044,disco
170.1533203125,3935221.567180659,8549952.099609375,76915.32765302339,6226.254296063861,disco
130.82958984375,3760550.934557888,8206249.8779296875,70848.87753469335,7528.781367568572,disco
256.4990234375,4803845.856932599,9992881.274414062,113845.23913537366,7495.958373157229,disco
179.126953125,3975901.0113749066,8854065.52734375,7153.402490288752,5958.18979019662,disco
194.95263671875,4096009.0417752746,8967437.841796875,53879.69904595114,6984.5465768452395,disco
224.6611328125,4211008.827868579,8638970.361328125,-20391.191076494073,6473.469207135379,disco
159.36376953125,3163866.366752116,6410768.3349609375,-62416.9948980015,5715.240586893897,disco
160.9619140625,3167914.7472587572,6495049.2919921875,132643.31613491537,6080.521864357552,disco
233.791015625,4724116.474865367,10131016.772460938,-4129.304629756422,5549.500170252659,disco
228.0029296875,4685008.251491634,9959795.5078125,20684.72810284639,6242.203461986728,disco
209.5048828125,4328814.633527367,9124554.858398438,116491.96808988083,6742.836204969875,disco
245.6845703125,4702892.435542333,10047790.942382812,120070.68340153154,7051.583600724669,disco
217.4853515625,4335781.476605443,9105917.87109375,-32913.794388243135,5750.261314412779,disco
130.7978515625,3009925.522421165,6292303.41796875,75079.19492796932,5291.772883235657,disco
163.4697265625,3369836.837835381,6923818.4326171875,73536.95493025992,6530.486633940103,disco
69.62060546875,2296477.043069378,5009182.91015625,42223.81960140391,5519.180647089762,disco
157.28173828125,3107815.2891152347,6336618.75,34140.59537117933,6113.637979085703,disco
174.21728515625,3717297.852536875,7783865.33203125,103564.49710899238,6519.657612050718,disco
141.69970703125,3012677.2430053456,6004813.623046875,-25007.338990553664,5693.042059807091,disco
141.86669921875,2906668.849510899,5960132.2265625,38445.600867098576,6320.211160704358,disco
147.658203125,2921618.2453066595,6322191.50390625,3626.4588269478927,5839.3035708251045,disco
112.5029296875,2212154.022818873,4187885.009765625,-324309.2410604156,3416.240152194384,disco
199.55859375,3384245.077306917,6447127.1484375,12440.480706543593,6358.4465765035975,disco
174.91162109375,3099318.3346271478,6362264.794921875,63414.48629977662,6536.272532804261,disco
166.46044921875,3072008.6957933214,6471879.5654296875,100566.84166467057,6999.449052766216,disco
203.8154296875,3427266.1392663587,6944425.7080078125,33478.418393735636,7143.2390486543445,disco
219.51904296875,3349711.3368326207,6543262.1337890625,-44041.944930351754,6459.585790077537,disco
199.39697265625,3980342.860747763,8282369.7509765625,107302.50180822749,7258.983519361447,disco
148.181640625,3316953.892749682,7136437.2802734375,-138524.1005336953,6224.858194006112,disco
142.734375,2725508.906979811,5685949.951171875,84743.69213520898,7186.796270519919,disco
99.46728515625,2268732.846616204,4932686.2060546875,-17424.552223106813,5560.095302972596,disco
119.5126953125,2505216.632023814,5382687.0849609375,-53110.95025944055,5743.186216464501,disco
143.45263671875,2867851.50410113,6133722.1435546875,26553.784936090797,6475.485097846353,disco
142.45703125,2947936.223358282,6243982.91015625,23455.386084045425,6263.039822100574,disco
120.21435546875,2552822.1439216463,5494788.9404296875,43303.283047984936,6746.52993477214,disco
149.77294921875,3295876.3657213375,7218575.68359375,7512.073471748166,5016.636456150896,disco
165.0234375,3086993.065190384,6361069.7021484375,58443.26609244122,6622.812992579134,disco
128.93408203125,3340554.0670593297,7572344.677734375,217983.62613068143,8503.390142444556,disco
83.88525390625,2773166.8454903597,6397385.44921875,30268.377794177202,6024.237603527237,disco
95.18896484375,2439422.048406126,5640654.8583984375,144795.32476831225,7309.5608948967265,disco
179.1708984375,3222788.687431813,6612319.1162109375,81734.32386600971,6993.550358768394,disco
185.203125,3286563.442249587,6702047.9736328125,-35951.419641869375,5661.711121856381,disco
210.25927734375,3822066.882139998,7927793.26171875,-491.76134048847666,6457.456021249904,disco
108.099609375,2496889.115678833,5839330.95703125,24982.91496041168,6038.71668966186,disco
174.0166015625,3166859.500317986,6703533.7646484375,40917.17310488902,7068.578832753052,disco
201.5791015625,3631923.875597108,7759855.810546875,10297.104215547217,6757.213560184473,disco
237.9990234375,3753267.3991688183,7072634.3994140625,-61663.55588031327,6737.450052942528,disco
228.01416015625,3681593.7676876327,7661987.40234375,-27524.510326332173,6925.198147427951,disco
195.337890625,3424814.469008713,7170933.4716796875,7702.174426560989,6251.637264136897,disco
167.955078125,3478706.063744305,7467607.177734375,46841.13260223761,6659.310567267519,disco
157.56591796875,2911129.6714478424,5891936.572265625,-81518.52580756927,5481.272213141312,disco
152.0322265625,2985800.1197459535,6394058.5693359375,80479.94726948817,6449.716490787836,disco
124.2890625,2868732.3185786596,6311812.5,-95378.94559450123,5149.822567123989,disco
128.99365234375,2963912.283768165,6514579.9072265625,-671.2960125382151,7026.411777104429,disco
109.5712890625,2772666.469553388,6411005.2001953125,-139293.1695705686,6028.681492922804,disco
150.5078125,2964478.9813545384,6130545.99609375,-136563.97921570647,5558.52584330619,disco
178.689453125,3332203.905746389,7007916.357421875,73712.34264825568,6561.561864720048,disco
116.35107421875,2532994.70817724,5627013.57421875,-39047.03223241365,6425.2582859133845,disco
195.78369140625,3174400.0321664624,6110713.916015625,-94290.22389119613,7811.950975489521,disco
205.1787109375,3884524.9007580047,8503106.616210938,-10916.8141478524,8815.736416367137,disco
122.14404296875,2414935.2391041494,4918280.4931640625,39427.92719678803,6129.874315424959,disco
129.60888671875,2766553.9235439035,5853392.138671875,22796.588028221126,5969.308882708096,disco
169.908203125,2894494.527538942,5668917.1875,41204.235853721715,6174.243783896719,disco
144.58984375,2752537.242643799,5718626.5869140625,8462.272421039637,6667.496646904,disco
188.9248046875,3328769.465757616,7057776.4892578125,2133.2209615753995,7528.814382802262,disco
118.4462890625,2635328.4121438866,5437973.583984375,51499.13926324946,6466.015656103719,disco
151.888671875,3177276.9376628115,6810876.7822265625,42980.96541339138,5751.544928242976,disco
177.169921875,3181595.123926506,6488234.033203125,32699.491899462646,6321.317623180423,disco
120.96826171875,2854150.192768798,6560704.0283203125,25521.93066869969,6467.391879490317,disco
152.61474609375,3215272.1787784435,6474485.0830078125,-15039.298748010367,7260.51720546212,disco
173.72802734375,3208536.200665548,6408410.44921875,46317.75984558073,6464.193974218353,disco
155.74267578125,3653877.3157187225,8059307.2998046875,25929.295634185706,6438.713507116782,disco
145.55224609375,3126160.2699642926,6963601.025390625,-3170.819373530005,6842.479304918872,disco
145.55224609375,3126160.2699642926,6963601.025390625,-3170.819373530005,6842.479304918872,disco
190.47021484375,3449647.0695917816,7079578.857421875,7350.231919656009,7148.662200573504,hiphop
126.33447265625,3631842.4895780003,7148291.30859375,151814.57064435259,7094.714110206769,hiphop
75.9140625,1926772.4152211784,3999609.4482421875,-48452.675507311535,6272.4246455330685,hiphop
133.8271484375,3223268.282137514,6627349.2919921875,141990.73257380893,7250.446869160083,hiphop
129.10791015625,3067083.8626671154,6540861.181640625,57475.970064708985,6970.102906208538,hiphop
161.0859375,3503130.5016835444,7492865.625,188120.99514812452,7611.555120241964,hiphop
165.72412109375,3695487.7776127635,7819804.248046875,126743.40692194531,7199.16533262914,hiphop
101.67724609375,2646242.9344475805,5885724.2431640625,142430.67513968886,6712.478602838629,hiphop
228.92529296875,3970494.8813094757,7440475.341796875,-23667.00313305043,7038.4131512762,hiphop
127.11376953125,2844648.7273797486,6196146.8994140625,137736.2501213364,8698.421138780812,hiphop
162.17626953125,2953526.7033947846,6028963.1103515625,69415.20687961185,6628.97551678044,hiphop
121.73779296875,2709379.125311369,5924333.2763671875,78932.21073433866,6889.286553945092,hiphop
112.81884765625,2556114.145596132,5530695.556640625,133344.5596884089,5567.222027340947,hiphop
124.935546875,2325648.2382988697,4689317.9443359375,-23489.889883849573,5280.098198544754,hiphop
173.04150390625,3150283.1273497473,6173655.46875,93863.0865677419,7598.171450373155,hiphop
150.00048828125,3099561.104265813,6831699.3896484375,59347.10977937214,6577.048087204777,hiphop
142.7470703125,3145106.127677573,6359788.4765625,78521.54842788016,7253.168877049905,hiphop
103.92431640625,2773492.7793578506,6408216.650390625,121812.5080065326,7464.86622525199,hiphop
188.421875,3461381.8921387736,6938407.177734375,5976.043082155822,7163.649431767206,hiphop
129.47607421875,3194064.8922951524,6795480.5419921875,106895.79227717119,6703.626191399242,hiphop
139.7568359375,3463069.749796532,6810532.2509765625,100718.44248225079,7605.4591673258,hiphop
154.796875,3111184.4349463913,6449754.19921875,161964.1020371494,6671.934825131357,hiphop
97.48779296875,2619055.552488297,5952164.94140625,53654.79746264427,6819.888655818306,hiphop
137.90771484375,2896710.782279061,6113868.5302734375,116939.55169678693,5924.915389217821,hiphop
179.54541015625,3255678.318384517,6369693.75,63865.25171191643,6686.229632933965,hiphop
138.900390625,2980912.054928376,6226228.7841796875,189631.68445939795,7872.12683428835,hiphop
225.8720703125,4526078.916745843,9184804.760742188,64522.49954446758,7464.798101584276,hiphop
133.1015625,3426165.7251940747,7311416.0888671875,-13404.946517491646,6662.926860974669,hiphop
148.076171875,3586725.8405205985,7428255.2490234375,66017.9144224875,5810.416259528293,hiphop
150.85546875,4090141.814262226,8356777.734375,109656.32657568625,6897.728875836327,hiphop
223.28271484375,4816681.788457761,9881662.280273438,126852.0665963692,8364.61479720647,hiphop
176.28515625,3985512.3285350692,8758371.97265625,140238.27955512665,7438.910193611543,hiphop
101.55126953125,2768016.998567549,5843217.7001953125,71182.91785297143,7359.757545101027,hiphop
198.66015625,3884038.9233581354,8020784.3994140625,141769.5547119621,7801.169728012702,hiphop
220.94677734375,4165276.766046032,8293717.7490234375,176874.65260122015,7377.246493792386,hiphop
134.97900390625,3689473.2841913346,8086449.90234375,117528.15835546466,8292.98112097483,hiphop
160.888671875,3916605.8682849305,7661782.8369140625,-88998.34997155203,8201.166185733702,hiphop
282.7783203125,4996733.213174799,9337895.068359375,-142747.5558679349,6481.497707001074,hiphop
128.54736328125,2915412.2984970366,5829985.546875,55313.07177831325,6309.700345526497,hiphop
147.26416015625,3555027.8648839286,7889033.49609375,-9376.253562970707,6222.13962499899,hiphop
136.6201171875,3243495.7878467357,7021977.5390625,-49627.11321544356,5476.933484802927,hiphop
157.5634765625,3567460.6697636032,7332960.05859375,52940.25185588145,6738.288812136022,hiphop
134.2578125,3823964.0299703656,7929397.4853515625,142562.9314459182,7119.305145310912,hiphop
81.51806640625,2437108.1322252243,5115201.6357421875,94521.20024482415,7043.430841086823,hiphop
185.7841796875,3309419.6529912627,5883301.7578125,-297866.55422965577,5613.572451587059,hiphop
147.26416015625,3555027.8648839286,7889033.49609375,-9376.253562970707,6222.13962499899,hiphop
118.27197265625,2982672.558447523,6465473.4375,109488.35548786384,7638.179103078661,hiphop
141.32177734375,4183597.2359994883,9487733.862304688,124142.2637344457,6971.86298293949,hiphop
100.22119140625,3032434.4179416317,6976079.5166015625,96796.1450190337,6458.7302915400305,hiphop
140.59716796875,3989513.183104518,8641737.377929688,169340.765106571,7515.072025934085,hiphop
54.8623046875,2176500.2897456395,4678152.978515625,126231.71533549765,6626.407364307641,hiphop
128.65771484375,3233045.174403158,6845739.0380859375,109205.60945615661,6104.377463650121,hiphop
106.453125,3356138.6258592512,7575068.6279296875,61865.47987066054,7155.648644714851,hiphop
138.45068359375,3981312.3886094177,9055551.708984375,77750.37112319228,7863.9155131647685,hiphop
163.2236328125,4213131.16110681,9852549.389648438,74407.44807783364,6934.889255441569,hiphop
93.69140625,2242879.8802064997,4592117.0654296875,25992.835088348085,6057.413101380622,hiphop
90.6982421875,3045957.9129707636,6694037.6220703125,120694.89662447988,7628.569363998406,hiphop
66.5146484375,2341868.5172568834,5030016.2841796875,138980.3923618998,6212.532041000847,hiphop
176.02490234375,3462406.8406579862,6738751.318359375,5267.139370875429,7853.636476783619,hiphop
81.439453125,2519976.22631313,5455135.546875,96257.63272958559,7753.708904240477,hiphop
69.65771484375,2220004.427234959,4764382.6904296875,88414.43361192245,6819.725069879711,hiphop
87.0244140625,2342092.156884922,4920110.8154296875,101790.09998425303,7347.558363167544,hiphop
141.6044921875,3166630.665273225,6374571.0205078125,-402.5257666769571,7321.059468269996,hiphop
158.001953125,3453550.0512146926,6879093.9697265625,-31149.005915039474,6913.285367512417,hiphop
103.1708984375,3141560.938879416,6818833.30078125,58282.64855281633,6331.960528459129,hiphop
114.4970703125,3163784.014024824,6872117.2119140625,39678.17703559011,6494.533472853638,hiphop
102.63134765625,2902387.844288402,6226056.5185546875,17655.628781160623,6354.271978595929,hiphop
164.0439453125,3948457.4543254003,8621948.364257812,74020.400408567,7731.113215543801,hiphop
123.70654296875,3290405.4354681866,7348883.8623046875,82551.89734859545,6549.165956206006,hiphop
156.30078125,4263546.18124675,9151008.3984375,156033.7384831396,7592.464524597254,hiphop
89.50634765625,3233282.631628524,7793921.337890625,157865.03401596457,6685.837430030178,hiphop
139.01220703125,4118103.8704587524,9660193.286132812,95771.63251171679,6266.059102450697,hiphop
66.625,2355225.051285048,5176366.69921875,112901.1626341249,6794.9820527025895,hiphop
110.7080078125,3318938.9053081544,7670126.953125,99141.59382316165,6554.097105402359,hiphop
143.18994140625,3587571.40669826,7716821.7041015625,112004.30372292458,7353.177610252016,hiphop
189.8310546875,4061068.2018188774,8193351.4892578125,28333.442564609773,7000.055569524313,hiphop
124.9716796875,3009696.160349859,6377294.970703125,4436.586731958349,6588.17820664214,hiphop
177.947265625,3862998.6485584094,8281508.4228515625,70955.26529755758,7151.2680898724175,hiphop
124.9716796875,3009696.160349859,6377294.970703125,4436.586731958349,6588.17820664214,hiphop
222.7744140625,4152887.6598772495,8159275.1953125,-16498.89972820056,6630.91304365338,hiphop
200.326171875,4367435.149089733,8913938.598632812,50130.39182271945,6265.980016043664,hiphop
67.00537109375,1901112.935717774,4239855.3955078125,5383.811597641735,8076.761956538605,hiphop
146.509765625,2962444.9527264573,6233227.0751953125,54232.54739386883,7813.361289509409,hiphop
143.31201171875,3061386.6062919246,6486220.6787109375,32061.705014824718,6947.53932702485,hiphop
135.90673828125,2642961.062846082,5267721.3134765625,-112906.29708732078,7963.940126851526,hiphop
164.4912109375,3371921.2700130707,7156290.8935546875,30074.121760330236,7395.278940797722,hiphop
103.23828125,2693877.8996351324,5791904.0771484375,12054.233488886051,7443.727584391878,hiphop
113.4931640625,3197792.44115805,7123958.7890625,42601.381089770555,9056.78936829941,hiphop
193.80224609375,3484476.6330754757,7240776.416015625,43418.47800588032,7137.721684544955,hiphop
152.02099609375,3452283.720742856,7145675.0244140625,97503.05812466424,7733.258652295448,hiphop
135.0400390625,2938695.361817232,6419015.5517578125,74977.4366104436,7487.656828531779,hiphop
179.146484375,3399235.472144652,6997085.15625,65903.45675630489,8281.269387640428,hiphop
93.86181640625,3012621.5494321925,7545438.9404296875,88265.63829846897,7415.995350430951,hiphop
196.7060546875,4118822.7901716493,8117942.2119140625,-25939.382745002422,7394.571638231824,hiphop
70.05712890625,2495146.1672060704,5705092.96875,85972.65501650894,7121.838442472148,hiphop
203.72021484375,3537357.2578843017,7008002.490234375,63927.74724029822,8726.927077982962,hiphop
107.470703125,2266146.4379393226,4513488.57421875,35530.72910064292,6591.161739043701,hiphop
149.99462890625,3338789.7124813744,7411383.984375,50897.620851323154,7355.342434270689,hiphop
130.212890625,3282600.3729521153,6922472.607421875,62737.00916457001,8274.886256379263,hiphop
131.2587890625,2537746.2995688813,4910496.240234375,-87914.63792210694,6684.432533417832,hiphop
101.392578125,1944503.2448269094,3619473.046875,-195646.55534355168,5345.439742858791,jazz
76.6669921875,1637691.6428726471,3117200.3173828125,-253019.46999856315,5089.127618418061,jazz
74.8095703125,1376616.586485404,2451178.3447265625,-303304.21792506863,4154.080576185779,jazz
57.732421875,1051290.8904398454,1831603.4912109375,-143889.7013832211,4953.545116574454,jazz
61.7412109375,1343767.196325854,2375833.6669921875,-115252.28121027238,2667.808607197494,jazz
74.83251953125,1639944.62375071,3215208.69140625,-52412.694766624096,3850.9107303066085,jazz
62.115234375,1576804.466381045,3124080.17578125,-111658.53348856267,4264.993886267803,jazz
83.82080078125,1512474.348457939,2531917.08984375,-155992.11675293854,3060.2406681416514,jazz
59.8232421875,1686833.0826255698,3522110.6689453125,-32147.00461149231,5544.542811469641,jazz
40.970703125,968914.597966431,1465679.00390625,-144274.61014333155,4145.7536515146585,jazz
42.7470703125,1072501.3505740883,2009543.115234375,-148233.26583875378,5114.527464802905,jazz
99.4169921875,2360596.038383942,5186056.640625,-76492.47744428858,4662.441060064466,jazz
82.3505859375,2134552.093466865,4730349.462890625,-143241.01373795577,5644.3621066369815,jazz
78.97119140625,2314447.6648349706,5685734.619140625,-47959.35542911504,4877.060274019809,jazz
83.939453125,1514822.6422118177,2609953.41796875,-335702.6293720875,3082.5766830626458,jazz
95.1083984375,2304415.631874866,4928842.529296875,-72646.20916001945,5163.074732491732,jazz
90.3095703125,1895353.6783222063,3649371.8994140625,-146205.49825197426,3871.7882099102644,jazz
108.7978515625,2500875.1091173626,5594627.63671875,-164172.42049155905,5359.322225370796,jazz
113.40673828125,2577405.12642296,5492915.5517578125,-51701.894986298044,5484.495601999677,jazz
71.69775390625,1749175.062334246,3507866.455078125,-93791.12592587428,3851.2884931946787,jazz
42.62158203125,1514393.21087659,3335460.8642578125,-203181.51829777678,4486.864665813779,jazz
234.51416015625,3769117.888761708,7583358.9111328125,-96277.96677895526,6713.877944468319,jazz
66.23291015625,1877269.2639609196,3940500.8056640625,-134005.331627449,3126.746283232655,jazz
103.6181640625,2571340.318307507,5581869.2138671875,-45619.72191968542,3431.222603037654,jazz
120.537109375,2630581.5941444198,5614804.248046875,-72635.7909788904,5414.902515874786,jazz
82.23291015625,2195302.26475808,4920692.2119140625,-117805.07140834836,4162.1217793004025,jazz
75.783203125,1767954.2306228552,3402246.09375,-278873.4679625033,3131.4009374535954,jazz
81.04638671875,2287824.5089337854,5128476.85546875,-115010.83400126586,5045.013828541536,jazz
96.85205078125,2397256.261740661,5212456.34765625,-183690.5534889389,4290.0535111825575,jazz
128.490234375,2890299.195790176,6056321.044921875,-199539.2512832785,4719.261620277874,jazz
109.45166015625,2182415.3299502274,4337573.0712890625,-286080.39813766215,3648.9877003550832,jazz
93.58251953125,2266317.529923388,4828153.271484375,-134569.1136318104,4826.226424332459,jazz
79.36572265625,1967822.4262574823,4203894.9462890625,-239822.29670138558,4355.463996033948,jazz
54.73681640625,1511704.2486134437,3159028.564453125,-107131.84133888737,4250.955207588286,jazz
102.5986328125,2275016.361378032,4621316.0888671875,-23286.84321461749,4836.332793568403,jazz
48.779296875,1091401.1525487755,2079773.6572265625,-114987.1087544255,4105.539382806577,jazz
128.6572265625,1915668.183066572,3435956.3232421875,-166278.6263576913,5002.255005288418,jazz
66.59033203125,1650120.3632125696,3190197.8759765625,-32291.235636884518,4419.864954033289,jazz
85.84765625,2010128.333509528,4159288.916015625,-92173.35866148333,4432.386887101797,jazz
98.89599609375,1695034.2326945472,3521572.3388671875,-35776.24486920841,3842.2202122286835,jazz
70.91748046875,1702691.5782459974,3592481.1767578125,-76400.47311880042,3672.6448724925754,jazz
130.06005859375,2091353.8449195179,4012970.80078125,-92944.2908984951,4781.252962662571,jazz
79.11328125,1738122.9549369158,3583889.4287109375,-160383.69252742236,4423.001835085529,jazz
110.83544921875,2277390.3120210795,4477797.2900390625,-78596.16538973965,3941.2036197226344,jazz
64.22119140625,1298961.9635804384,2340282.3486328125,-33844.432250678154,4289.914320543246,jazz
55.10986328125,1212086.3376929131,2279580.2490234375,-110270.41866688592,4324.0616528657065,jazz
75.81640625,1674669.584720183,3485428.857421875,-105847.46818185579,3886.643526110407,jazz
120.94189453125,2562289.2287485534,5509916.015625,-103452.55784648134,5563.5132789197505,jazz
102.5380859375,2260681.913567492,4765276.318359375,-114415.02857797928,4384.816699518768,jazz
83.74560546875,2650185.1925485856,5898891.796875,-132393.0302943113,3257.449002817395,jazz
106.2919921875,3251610.7074121227,7582982.080078125,164273.22121457988,6436.726302805612,jazz
54.869140625,1542893.2140084757,3205572.5830078125,-106689.35234822553,4251.186206669587,jazz
100.5087890625,2978736.7573488303,6821955.615234375,106336.43840664363,5717.701781420567,jazz
102.82373046875,2333335.843583745,4714748.6572265625,-20305.906813720325,4836.590284641103,jazz
83.8857421875,2161281.6528315283,4482469.9951171875,23253.583519556465,4320.981808175513,jazz
48.84765625,1126766.7306573857,2110146.240234375,-114215.07041545441,4105.526490333681,jazz
149.16259765625,3869250.785876716,8919031.201171875,117812.08980085934,5813.703233199929,jazz
79.9833984375,1782431.8867406482,3342286.8896484375,-186331.89279522584,3633.3455322701475,jazz
128.783203125,1998324.7222006025,3518794.5556640625,-162945.13382655501,5002.408519444583,jazz
49.91650390625,1827004.8921760104,3825836.4990234375,57781.65124119593,4985.318613179363,jazz
67.76708984375,1845629.350217438,3528473.73046875,-28333.555506328998,4420.229858641902,jazz
122.81982421875,3198741.6091522872,7126241.30859375,140929.95176121232,5789.398681428903,jazz
87.2978515625,2230964.0949315256,4531231.93359375,-87373.04338764484,4433.074288711439,jazz
129.16015625,3245656.8317415016,7264118.408203125,100980.84980845406,6008.588328359032,jazz
72.2041015625,2036017.7527676,4317062.6953125,122882.11609363991,5894.244938015591,jazz
98.9033203125,1729355.7459072927,3561204.19921875,-34772.07705316976,3842.1186239748054,jazz
115.17529296875,2059655.5318407621,3869656.5673828125,6703.116574008396,4033.560734703916,jazz
71.02734375,1750313.1807642512,3658814.208984375,-74627.73531708604,3672.9403166495645,jazz
79.13720703125,1786891.8791829408,3659793.9697265625,-158996.05432839476,4423.042537040237,jazz
113.140625,2600827.689604937,5061088.6962890625,-73499.96859961809,3942.9161971264366,jazz
64.7021484375,1443267.9925150264,2526684.521484375,-30014.949025859216,4290.186229834604,jazz
55.0439453125,1255351.490137248,2320008.837890625,-108536.06535437515,4302.181021485312,jazz
75.92578125,1727646.7399871133,3558103.41796875,-105065.23036244087,3886.6308648932163,jazz
167.7021484375,3837336.260678078,8294019.2138671875,-16439.30360997421,5155.592940085433,jazz
123.529296875,3122639.4689678918,6640721.4111328125,-86814.97969274677,4575.462002818591,jazz
163.55029296875,3752397.312219529,8012235.7177734375,-43676.040238505855,4556.990165899879,jazz
88.82958984375,2241378.8766754502,4369808.2763671875,-131868.05695392698,4704.512760302112,jazz
169.22998046875,3591771.306564861,7517155.078125,-33973.94241417035,4769.42882715837,jazz
123.958984375,3236734.5819413452,6666270.556640625,-111067.34807781478,4129.158446766319,jazz
139.44384765625,3405817.6377792936,7191217.7490234375,-24200.595447313815,5249.801702532548,jazz
181.470703125,3916991.4214036874,8019158.642578125,-14760.485186004222,5750.590972767425,jazz
129.46484375,3913403.030896539,9409266.870117188,-43990.89868348752,6854.172763232952,jazz
267.26025390625,5049222.391298452,10391633.129882812,-78728.29628289065,6228.93456737118,jazz
193.4912109375,4387080.463668695,9352365.380859375,-31408.084926118816,6661.305933308235,jazz
152.97802734375,3717480.609766319,7937935.400390625,-30850.14040823927,6097.624448470058,jazz
190.7939453125,3698719.4137968295,7247484.0087890625,-52618.76135104433,5047.9159542242,jazz
338.296875,5347414.280977647,10676463.57421875,-88103.10346712054,5236.288972034246,jazz
55.38525390625,2387481.272196394,5598708.1787109375,-134923.68667747278,5313.449247122643,jazz
89.251953125,3139384.8985965103,7662073.53515625,-35651.00925646249,4514.633352535875,jazz
81.13818359375,2311135.8812354533,5048481.005859375,-135923.97116206773,4351.702197978917,jazz
70.00537109375,2424388.086941394,5549634.0087890625,-126042.7927042451,4189.704247261923,jazz
195.86328125,3826171.909241295,7842726.3427734375,-221280.80236255628,3584.432817490462,jazz
97.59130859375,2864248.1803082954,6499388.232421875,-150931.20982213636,4191.982216484128,jazz
105.66455078125,2783692.251425527,6485682.3486328125,-106013.25153947427,4180.378412870485,jazz
53.66064453125,1392860.3653922544,2730248.6572265625,-253747.44712616724,3682.6972989510896,jazz
81.927734375,2397942.0785717964,5536724.853515625,-73701.4799094408,4829.11798719356,jazz
100.48779296875,2422866.4591249935,5183160.4248046875,-135800.88914221982,4635.71586309498,jazz
51.6005859375,1520802.609441884,3030216.943359375,-262835.37141115824,3476.3465921295774,jazz
75.16357421875,2438082.2208344857,5633688.8671875,-75208.61797325592,5082.938790100006,jazz
59.70947265625,1929459.4364002247,4365070.9716796875,-159890.21434013193,4591.367511451321,jazz
236.64404296875,4233913.3348996,8285502.83203125,96233.24441360295,7567.39431390356,metal
197.623046875,3779238.8376258053,7805936.865234375,90205.8769202593,7399.625878402127,metal
165.94482421875,2843200.98219325,5750603.3935546875,77848.68923510364,6709.35606790077,metal
215.5087890625,3558678.149487055,6768650.1708984375,120044.90903210848,7564.886911344992,metal
248.70947265625,4400173.614193013,8925588.061523438,52634.727786333446,9849.032774148935,metal
173.6748046875,3186556.4637496327,6402801.0498046875,23338.50130035638,6554.623062534978,metal
256.0693359375,4185344.4652641136,8052782.7392578125,-40332.88874858367,6734.450973421061,metal
217.6259765625,3800730.629636516,7507831.201171875,-3883.883483505103,9021.460938653634,metal
181.74609375,3835139.6080856603,8002868.7744140625,-4492.511508347571,7239.909658619856,metal
122.37890625,2910154.8961930536,6610004.296875,244202.75915129564,8179.242753683675,metal
254.064453125,3942124.3752944344,7322128.857421875,35917.735703332706,8407.373565299062,metal
221.67236328125,3490951.9312288566,6668520.7763671875,168423.99441699576,7927.919676834966,metal
228.6376953125,3624320.1013159063,6804179.9560546875,92983.44701909531,9387.387472302997,metal
263.15478515625,3940485.7559833536,7416035.15625,67424.66165993118,9871.429032606862,metal
239.53125,3720464.214651044,6721481.689453125,-21906.91627172668,8574.55175439693,metal
218.78759765625,3861827.47415006,7522516.845703125,31054.156583720134,7527.556972695491,metal
232.173828125,3547331.375537811,6632667.9931640625,124695.11178732356,7788.009559191844,metal
205.21875,3435517.7527935347,6888256.34765625,87895.21658697253,9015.298087545718,metal
233.0771484375,2963102.160542315,5024589.9169921875,55355.895270699584,8619.988165428607,metal
208.7255859375,3490171.9528976073,6962524.365234375,44838.97969245509,8614.9782406947,metal
196.9873046875,3436681.3207469163,6928232.7392578125,73015.2991781199,7695.294971746876,metal
247.6689453125,3939225.395102917,7415152.294921875,75399.37178489375,8154.076524931521,metal
138.2890625,2868835.6118356353,6180815.2587890625,66271.23692991232,5741.202649404389,metal
170.29638671875,3329600.8097196603,6538169.53125,178136.94865537516,8180.806204827296,metal
165.87744140625,3117162.7543819216,6400260.1318359375,211205.2721841866,7427.899875002848,metal
163.0126953125,3083226.6620768923,5926992.626953125,8100.83783795931,7223.273098735528,metal
256.20263671875,3711968.510349495,6705794.7509765625,74880.97061737515,7519.2092824180845,metal
165.81884765625,3100710.149756739,6291765.087890625,132433.7314215535,7365.695312294529,metal
232.59619140625,3606664.1913795993,6912771.8994140625,75492.80077843512,7463.282383924817,metal
211.12158203125,3820795.357873262,7665120.4833984375,9674.832189353814,6842.051484980937,metal
66.1767578125,1971880.572906599,4525902.4658203125,166652.13090524834,7176.63626059505,metal
161.8154296875,3318890.440646121,7039753.1982421875,146483.9377977064,6924.2092847613485,metal
191.509765625,3236211.995766905,6158280.76171875,41885.735506975274,6772.7519811700695,metal
129.2978515625,2625283.5581783243,5461778.5400390625,170186.53252686365,7451.531294826677,metal
207.94970703125,3500131.5354595645,6841410.8642578125,-24754.6210162731,6313.9728684007,metal
210.43994140625,3668120.8998346906,7260457.763671875,181048.0313742311,7779.678362368931,metal
207.4404296875,3472390.145364291,6893079.78515625,72601.3869035139,8053.766499604692,metal
159.81591796875,2964050.4732734635,6232236.5478515625,36798.9245797871,6141.669753007971,metal
191.697265625,3479021.5434442707,6579480.9814453125,-32337.49842061537,7298.613372514464,metal
114.08740234375,2712712.0846423223,5751055.5908203125,73812.14674674057,5883.812983878408,metal
215.31591796875,3505057.6051046853,6572590.3564453125,39826.10117869563,7901.811795733573,metal
177.5908203125,2933982.515507167,5413091.9677734375,-11196.021082213125,7077.379042768696,metal
196.3564453125,3186312.3460428673,5881869.7998046875,1718.2894518764213,6775.401519740743,metal
229.203125,3469481.5403762585,6429297.65625,-25701.059177332816,6800.2697283634825,metal
221.369140625,3568650.803484705,6800476.2451171875,-3053.317126640213,7286.392282744308,metal
186.60791015625,3090602.591289389,5753585.7421875,-52139.76098447221,6675.206790765986,metal
211.63818359375,3614223.7613484524,7053351.416015625,156635.73833427238,7485.472094525394,metal
230.2939453125,3760407.890215379,6989710.0341796875,149837.52180448428,6688.253590796614,metal
228.310546875,3735728.219661927,7092100.4150390625,156409.70219346756,7401.23834394564,metal
250.826171875,3853153.4443230457,7062169.2626953125,175310.19952240246,8137.539870677462,metal
229.4423828125,3861864.3663702616,7277425.927734375,195193.27345085258,7793.7700296050925,metal
295.2958984375,4397384.761646969,7969255.4443359375,175088.58665797656,8017.563554189824,metal
209.7138671875,3513066.3683480625,6624216.2109375,173817.6210324584,8281.540924760671,metal
223.12890625,3758449.315942712,7136081.982421875,175198.2266812554,7646.710516648378,metal
253.0634765625,4026013.8631542106,7537159.423828125,171341.93681813625,7920.286454110741,metal
254.5146484375,4019274.756827368,7369092.7734375,179845.8936174317,7748.232202278174,metal
231.84326171875,3893164.098105825,7283918.1884765625,177716.55381271348,7192.021110112788,metal
185.82763671875,3515161.647158323,6760736.71875,156643.23221921982,7564.973459746829,metal
184.68359375,3180132.7535926765,6496373.583984375,114872.166897103,7161.046389537943,metal
193.7197265625,3158119.8964596,6114040.7958984375,116797.57166221504,7255.740805789232,metal
180.35400390625,2993705.2018279666,5968465.576171875,57379.62371586428,8384.056442147286,metal
215.31591796875,3505057.6051046853,6572590.3564453125,39826.10117869563,7901.811795733573,metal
177.5908203125,2933982.515507167,5413091.9677734375,-11196.021082213125,7077.379042768696,metal
196.3564453125,3186312.3460428673,5881869.7998046875,1718.2894518764213,6775.401519740743,metal
229.203125,3469481.5403762585,6429297.65625,-25701.059177332816,6800.2697283634825,metal
221.369140625,3568650.803484705,6800476.2451171875,-3053.317126640213,7286.392282744308,metal
186.60791015625,3090602.591289389,5753585.7421875,-52139.76098447221,6675.206790765986,metal
155.31005859375,2915008.3644879768,5665073.5107421875,62759.662956254135,7279.651159303401,metal
168.99658203125,2977131.9360324745,5946340.2099609375,18992.598675047575,7184.594663739483,metal
69.51025390625,2250754.645664105,5313382.470703125,147637.0778380955,7046.091750598702,metal
184.70068359375,3546771.388506227,7274562.01171875,-97485.61718633272,6435.047294756613,metal
198.7724609375,3630478.2378645167,7336319.23828125,56261.337733438464,7447.68253135724,metal
150.98388671875,3025251.3757055984,6087436.5234375,107801.20224970723,6907.619566977665,metal
156.826171875,3416129.8251010654,7198011.474609375,201160.39699435298,6672.2545093046865,metal
174.53369140625,3523805.915577326,7107388.9892578125,-52497.26323529927,7501.867295517312,metal
114.89404296875,2674383.773600527,5739847.55859375,175201.0352597855,6958.087898024948,metal
210.1015625,3610687.7561120708,6880493.6279296875,-14500.797468476827,7696.096996870025,metal
206.77490234375,3544010.8409913406,6993392.2119140625,116912.2762550507,6840.159632301538,metal
170.4052734375,3639766.6355844904,7625090.2587890625,225334.47361021678,8281.461314644579,metal
186.0048828125,3504732.3101301272,6883292.9443359375,59307.769410218025,7329.845023920777,metal
186.2626953125,3681908.60160698,7666692.4072265625,117229.07938429154,7712.176213749601,metal
157.66259765625,2764331.556896911,5431524.3896484375,123087.25997191232,8033.901152795879,metal
182.65673828125,3075207.6386403227,6139493.0419921875,43281.217245495274,7963.515431025525,metal
158.873046875,3026446.928147111,6097901.66015625,95138.64137636145,7098.702383479824,metal
179.1025390625,3261030.088258328,6579707.080078125,168291.56748257118,7456.731158458446,metal
203.9228515625,3422506.055404355,6858928.125,24237.51954950864,6845.789631189509,metal
205.60009765625,3400345.161488488,6711791.748046875,22957.871741867693,6741.4600275179055,metal
241.4541015625,4316786.396914447,8625425.9765625,215460.22462461877,8014.7368839784285,metal
119.462890625,2570772.950406411,5363371.8017578125,58045.305397507094,6539.729268254919,metal
60.17333984375,1866227.5164288445,4248317.9443359375,188281.22019199925,7070.888207406444,metal
109.43310546875,2768837.056995591,6054975.2197265625,85183.15929704955,6625.1308694859545,metal
155.21630859375,3004231.9001835403,6488901.5625,-14898.5477781998,5897.942367480491,metal
120.61865234375,2702332.5774685624,5679759.1552734375,-32560.653648477954,5305.051359834793,metal
183.10009765625,3419593.2064533955,6693510.05859375,-9210.18266405549,6895.612792064172,metal
207.94970703125,3500131.5354595645,6841410.8642578125,-24754.6210162731,6313.9728684007,metal
156.60400390625,3163024.098319029,6714300.3662109375,159046.74732562702,8210.7828190053,metal
165.72802734375,3224097.802433415,6600626.5869140625,135412.86731466986,8043.2130585664945,metal
111.490234375,2565013.4172036937,5485045.166015625,156817.69489760455,7632.816665520113,metal
149.5966796875,2897613.540464723,5806245.1904296875,77351.56583156252,7911.585057717291,metal
139.599609375,3071661.347608344,6333808.6669921875,130595.77627542408,8011.480347807139,metal
163.84912109375,4424500.845532754,10283148.852539062,93759.34673702755,6045.520915173325,pop
193.1669921875,4786821.908967195,10438360.180664062,134408.52551996705,6408.000723983885,pop
153.69384765625,4155814.2844109186,9599792.651367188,161540.7811021028,6482.139443719418,pop
110.32275390625,2375185.001008558,4746348.6328125,68488.20054630388,6358.643563534457,pop
159.95556640625,3559785.1832022406,7740777.392578125,135658.93794098805,5962.733444400017,pop
138.00390625,2960777.060987016,6138007.2509765625,-40131.05864202398,5015.066382943696,pop
87.51025390625,2747735.4059795095,6436263.6474609375,16796.731061638144,5810.501371315604,pop
106.41455078125,2544320.9296795684,5334614.208984375,-69136.85033983033,3904.6175678110767,pop
156.78466796875,3729746.3699463205,8312505.46875,132863.17416021155,6265.361095083088,pop
223.35546875,4240356.655144276,8989541.674804688,90891.45175862302,7053.458090663482,pop
85.5615234375,2457055.6185146924,5417107.91015625,117081.93115362586,5864.952591946863,pop
112.6005859375,2844582.935149815,5980470.3369140625,-293284.49562448857,3501.6553364063047,pop
162.76953125,3464208.933870324,7154858.935546875,52745.70168463157,5983.231914501544,pop
66.7763671875,2779747.7140555237,6754179.8583984375,105766.77250883711,5526.529510839078,pop
113.81787109375,2583036.5102708046,5351334.7412109375,16023.058160973309,6607.057791657705,pop
183.06787109375,4147437.322014977,9077321.77734375,109290.06888285579,6002.286436534134,pop
198.234375,4511002.8027800955,9692794.555664062,-2855.004995100049,6029.989181084657,pop
163.12939453125,3606806.0152969956,7904569.7021484375,84952.07534812957,6754.150948269313,pop
165.07958984375,4439975.47213012,10256781.4453125,156142.9852903275,6361.281227944244,pop
201.69091796875,4048830.8765329616,8473713.793945312,45906.76336893568,5841.322265724542,pop
232.2763671875,4507834.737622694,9622951.611328125,138361.7372975587,6399.817335092636,pop
241.68701171875,4527715.851633296,9309137.475585938,115178.06366613001,7829.743218232723,pop
182.99951171875,4146313.453138003,9076848.046875,109391.05349208119,6002.798032633134,pop
229.5869140625,4859931.156311108,10154854.028320312,93987.27871741884,6104.870452468447,pop
186.76904296875,4268109.049994057,9440619.213867188,107143.41562591112,6377.4578981689265,pop
136.6513671875,3785617.3798789917,8811386.71875,19098.118421926894,5125.019427160134,pop
133.818359375,3265367.3449791144,7179740.5517578125,53693.92039448308,5196.210782381506,pop
131.71435546875,3468151.0435234755,7700994.7998046875,53890.69458521491,5858.112661139069,pop
156.72119140625,3808991.671428291,8604011.206054688,114943.33640767906,5421.505675518874,pop
144.1943359375,3863986.351492558,8946378.369140625,154509.1687533276,5503.062167808997,pop
192.2421875,3970296.1930540423,8602363.916015625,65133.84400771431,5549.389014158199,pop
197.64453125,4022349.6840298045,8721151.831054688,62062.6412237218,5680.113512522826,pop
295.63232421875,5463614.737240326,10969132.104492188,-17140.630264027543,6621.597828789833,pop
177.15380859375,3665789.232182407,7686858.251953125,21889.13553685236,6564.822284802072,pop
169.37451171875,4061901.450097734,9357339.55078125,35713.94901345241,5289.53450888551,pop
205.9951171875,4129766.0154148927,9042039.624023438,167199.0722411122,6392.160127992105,pop
148.76806640625,3806930.162340367,8893180.590820312,171431.38101123643,6121.116555985934,pop
213.09375,4187012.6046702946,8664864.038085938,139084.8839154307,7010.516151715172,pop
189.4287109375,4224944.632861955,8948908.520507812,117222.72773062756,6212.782154041187,pop
241.935546875,5087332.451131765,11023255.810546875,178809.0641454701,5959.599205185721,pop
123.837890625,2536913.583903703,4939802.9296875,97455.02411229404,4534.767693566788,pop
97.40283203125,2654713.832931624,5825065.2099609375,-148969.05943912966,4380.05517918198,pop
185.76806640625,3880847.0607074215,8330614.892578125,119554.22710466746,5887.921927447649,pop
133.5029296875,3494840.6519661294,7467693.310546875,197327.01001366836,7346.8560224379835,pop
175.33740234375,4067318.7193126217,8652697.778320312,99155.39335399478,7075.527526146821,pop
161.5751953125,3676441.922478645,8379893.6279296875,98030.38374798512,6403.96853732099,pop
157.9384765625,3670149.6127198488,8387591.748046875,98244.42903184141,6440.6211502961305,pop
164.66943359375,4075036.9324382907,9430918.505859375,138387.6756257248,6723.771946175802,pop
272.31884765625,5240060.105439169,10839125.390625,121342.00617123456,7216.354860134234,pop
85.4853515625,2570661.603252589,5517237.3046875,-32932.98858034471,5006.62532473122,pop
153.38330078125,3939289.8320065634,8573757.055664062,104130.28345405427,6422.091128952547,pop
297.513671875,5376172.56899989,11220230.786132812,147794.9836972233,6936.45572511326,pop
201.7412109375,4736796.158483059,10056414.990234375,188028.5146312695,8111.857795840076,pop
138.25732421875,3411671.1745166555,7271945.7275390625,-425972.0055411729,4302.0402683459315,pop
175.83447265625,4522399.794067344,9906813.061523438,97910.3183705491,6055.580134314758,pop
216.55126953125,5096052.8756152205,10680673.315429688,13829.414778459164,6714.050700277684,pop
188.20068359375,4761325.362698106,9785333.49609375,91001.11537612052,7337.828750291674,pop
199.1982421875,4748950.481064931,10064511.474609375,189977.45364726914,8045.285753111756,pop
188.34619140625,3800108.8013285417,7432852.587890625,-49317.07599955821,5277.662690285554,pop
187.1416015625,4821836.195538753,9872263.037109375,90473.72121611642,7375.687576809112,pop
175.83447265625,4522399.794067344,9906813.061523438,97910.3183705491,6055.580134314758,pop
144.736328125,3813846.367786494,7846451.5869140625,89859.41925343015,7069.639978272951,pop
126.91748046875,3191010.703675755,7086146.484375,206769.35615400397,5117.0810731021065,pop
96.47802734375,2361632.6158700157,4908246.0205078125,2971.169262844721,4913.242961056333,pop
266.19482421875,4716544.170769986,9198015.380859375,-95592.25833256415,5376.053026178479,pop
129.46337890625,3257362.889543523,7108508.7158203125,-28071.37989523823,5366.496058460707,pop
128.9599609375,3678428.002146381,8845409.1796875,167969.98257430585,5495.7333902990795,pop
246.90625,5028295.730101955,10414447.55859375,73869.1638944135,6939.54576605648,pop
200.41259765625,4219070.731166366,8683361.059570312,19560.5722610188,6320.772704607077,pop
123.41064453125,3009127.7854606295,6373946.5576171875,164765.09846562144,7708.723953370619,pop
176.37060546875,4062183.6089774054,8824209.741210938,-17573.473869152906,6783.733081436056,pop
246.90625,5028295.730101955,10414447.55859375,73869.1638944135,6939.54576605648,pop
170.15283203125,3320934.6544369804,6917304.638671875,80301.17693306653,7456.749505799564,pop
209.203125,4744934.022591719,10183999.21875,147585.08060434074,6571.548028181829,pop
169.201171875,4422500.399685038,10073146.2890625,11668.666193797826,5420.7735061669455,pop
205.775390625,4712589.94486695,9902011.157226562,94726.58698730613,6352.589030880041,pop
184.5634765625,4581373.649527598,10059418.872070312,191483.09948507455,7379.068537020945,pop
276.47900390625,5219263.161904782,10771931.030273438,131726.55340219097,6908.426893587088,pop
184.40966796875,4038234.772952535,8554883.203125,77912.01609114885,7055.822683092629,pop
93.77587890625,2579334.0590059976,5666473.1689453125,-198636.8772595294,5460.401461532814,pop
164.931640625,4074588.629093446,9431532.202148438,138492.00482147597,6726.360505276256,pop
111.154296875,2904291.4053697,6664214.1357421875,-80809.25751076745,5742.414783188198,pop
129.74462890625,4097376.511454422,9769657.32421875,149376.5648688563,7168.593001342224,pop
108.94921875,3218761.826860087,7727652.9052734375,106651.2780300207,4626.606691225847,pop
175.64453125,4219350.443246322,8831197.265625,-33318.59868839651,6346.19668125137,pop
157.779296875,3253717.315392851,6578339.7216796875,70694.7149671499,6886.511912135558,pop
239.404296875,4646768.254064055,9871670.874023438,58738.30783167661,6011.6856031921325,pop
189.37158203125,4639456.160815562,10276775.024414062,81099.48656268806,5465.752331300465,pop
222.3408203125,4538858.870076082,9381316.772460938,88343.28106772083,6692.503670996723,pop
214.17333984375,4396131.103489859,9118482.495117188,72563.9815728966,6783.09538214818,pop
190.748046875,4659606.949859506,10291859.033203125,80556.26249383659,5481.131325278735,pop
215.59619140625,4777499.058763575,10173135.717773438,96796.8672445271,6586.404510767633,pop
187.853515625,4228217.873892978,8896712.036132812,149764.65549360588,7561.108024996396,pop
170.2021484375,4214391.474490108,9399469.262695312,119080.37488634794,6443.7593245099915,pop
166.17431640625,3629218.626603023,7891918.9453125,105761.29691095222,5167.753579305507,pop
137.57861328125,3940475.5476707546,9550298.583984375,111407.37681359876,5677.042333288563,pop
136.16357421875,4042748.25972868,8963109.66796875,151918.0893057478,5273.873560808204,pop
177.3349609375,4536860.992214261,9807577.294921875,50874.32351481241,7245.512608162161,pop
236.6298828125,4697534.906561481,9739241.674804688,94645.64022869956,6202.170974306461,pop
124.0927734375,3575467.9224529685,8884868.774414062,61936.00383615178,5591.770662729796,pop
126.45458984375,2758228.0940272864,6208119.3603515625,-21923.134525838974,5106.888857660835,reggae
82.712890625,2119107.3188102967,4622198.9501953125,-114454.10376691703,5414.46418760501,reggae
97.10791015625,2323311.9203876597,5074794.580078125,-43874.66790090379,5873.357671651752,reggae
109.78515625,2486880.5123545406,5370219.3603515625,-31807.30167952137,6073.116608507023,reggae
109.19775390625,2598394.687878275,5565934.6435546875,-18040.17756594961,6236.861966153383,reggae
94.40966796875,2325284.9811248565,4908579.78515625,-29388.57091619866,5660.099539858062,reggae
78.64208984375,1833263.3935842195,3724167.48046875,-42067.96295669128,5312.704170268424,reggae
95.5205078125,2267990.588444193,4873157.666015625,-64795.002316912985,5990.085293434491,reggae
89.783203125,2186727.985640591,4726947.216796875,-15231.671641473247,5722.839270087301,reggae
78.31787109375,2081344.753896623,4227732.2021484375,-50772.27939049969,5944.352807536608,reggae
132.85986328125,2778720.5890839593,5723051.66015625,-279474.1591589045,4573.959005059447,reggae
90.8671875,2579747.36675338,5893217.7978515625,-31378.420768121734,6493.932459257039,reggae
147.07568359375,2973956.1065014163,6362609.326171875,-66915.60772951425,6628.373141100887,reggae
91.3076171875,2079869.4085461977,4443624.0966796875,-44867.5857424224,5618.5016785958915,reggae
82.869140625,2219110.724462366,4901635.3271484375,-8325.227033235456,6130.941938190609,reggae
88.1650390625,2486515.45287711,5808118.5791015625,26454.220312699472,5562.675788592651,reggae
102.46728515625,2739567.4716850417,6275335.25390625,119904.82629322805,6506.257694553207,reggae
100.7919921875,2332280.2708111927,4884914.794921875,22344.9608728932,6606.532924305809,reggae
100.083984375,2466418.4997358276,5457202.734375,152.41053861638102,6123.611393460533,reggae
92.16796875,2267839.5581138316,4965492.041015625,43151.287146928466,6115.048872791587,reggae
73.38525390625,2117599.0767984325,4648243.359375,37734.88620323576,5752.43139548765,reggae
120.02197265625,2594912.77339648,5590299.462890625,49229.310437985034,6052.491891239059,reggae
93.484375,2662056.356509703,5886747.0703125,149625.0677102725,7068.032825996712,reggae
155.47998046875,3044730.971067439,6529836.181640625,29162.5283428221,6650.697254008047,reggae
93.28955078125,2341926.7699772576,4983235.400390625,-13381.606060104012,5410.406001593656,reggae
95.35498046875,2209638.3400057363,4632459.521484375,-4204.280774576372,5623.645708640383,reggae
96.38525390625,2380249.419449471,5181437.7685546875,16376.97837495115,6250.970667260197,reggae
112.9423828125,2697619.272578801,6049225.8544921875,-30874.54260614235,6264.046690324353,reggae
87.67529296875,2121428.8376380843,4521983.4228515625,-39903.94607401979,7566.985923421856,reggae
56.44921875,2049453.8388322243,4828454.736328125,22836.638109013464,6654.108107265452,reggae
91.119140625,2345555.4972970593,5261002.9541015625,-10168.96495391311,7567.012360699642,reggae
75.84521484375,2042689.7361208992,4579789.306640625,18766.29533980978,7603.493414822929,reggae
85.1201171875,1953317.9268510062,4291362.8173828125,-62119.85244299732,7555.0583894035735,reggae
76.4345703125,2089407.2041095363,4604078.759765625,-50276.95172200526,6929.207723057923,reggae
57.66943359375,1669684.069747184,3655078.1982421875,-17287.09702254381,7302.446997820384,reggae
79.23828125,2196859.87091248,4894712.40234375,-56595.80450101294,7112.289866181353,reggae
76.55224609375,2341562.0512857465,5324870.4345703125,-16572.544526540572,6744.007134437943,reggae
81.7919921875,2210717.108938804,4962649.658203125,-5153.826138695622,8031.096330866158,reggae
84.720703125,2199271.5447714347,4775784.521484375,-117878.7110846555,5798.4284529022625,reggae
33.53369140625,1696746.2152939243,3422358.10546875,37667.29932024181,7872.405623814552,reggae
130.654296875,2627868.8436409924,4963769.384765625,-444657.7300740809,4694.256940362309,reggae
76.29443359375,2495790.39759358,5327346.7529296875,47220.693633153525,5797.639417241889,reggae
136.58544921875,3206207.7063686685,6525421.875,-65124.81901984463,6725.672644401695,reggae
98.28466796875,1919737.7565572076,3588249.90234375,-990.9094801752676,5193.734482815176,reggae
113.23095703125,3174766.4883739837,7220556.73828125,81960.95548208566,6969.984245577236,reggae
289.33935546875,5536726.528318626,10247705.200195312,5424.816876196263,7100.403466056579,reggae
104.6865234375,3002565.61282768,6759175.5615234375,-59939.25449237009,5031.662549898061,reggae
148.62158203125,3203793.6577620837,6154006.4208984375,-73042.48249859049,5315.351413842043,reggae
143.73974609375,3455997.523115266,7251069.287109375,78717.9573643421,6053.993017589597,reggae
104.33154296875,3002427.6800792404,7047063.720703125,-15484.495936339428,5752.082648881571,reggae
164.25830078125,3820580.422461723,7588763.7451171875,21138.407459366266,7137.6238546148115,reggae
355.09765625,5525829.61632429,9921261.840820312,14606.693500788964,8836.447675087795,reggae
173.3486328125,4252707.444778643,9421519.262695312,135569.32650288614,7793.0971213731555,reggae
116.05126953125,2590748.6391184814,5375462.6953125,-50077.710672266345,7280.452825234604,reggae
131.33935546875,3287601.6583342813,7082894.970703125,-4624.639067853611,6149.94300540517,reggae
106.27978515625,3265255.4775835434,7234251.85546875,66831.78101851151,7164.684692507796,reggae
107.52197265625,2810710.7285761195,6023655.17578125,-2102.3062403565714,5747.022089451112,reggae
101.94384765625,2804613.9557892075,6169822.55859375,8136.025600577121,5785.592201633498,reggae
144.7568359375,3401855.2372611063,7367197.8515625,-51223.03201205508,5767.872104046881,reggae
151.7490234375,3454197.512960199,7369157.373046875,-9585.787747467337,5831.7768625153585,reggae
153.22314453125,3097367.236884658,6195543.9697265625,-313040.70931449655,4640.5500686005535,reggae
172.6708984375,4039004.7064606235,8371872.509765625,18976.315075102226,6136.353187601373,reggae
78.67138671875,2731362.74514383,6184691.2353515625,-33938.48599452222,6904.050250719807,reggae
107.75244140625,2470540.939917446,5094637.4267578125,1499.3880121250768,6455.8884291274335,reggae
130.41748046875,4001047.5011219173,9018471.533203125,98253.3643517622,6464.987603936606,reggae
107.087890625,2690890.8382737385,5645047.6318359375,142637.99290379632,5832.070268229925,reggae
86.7451171875,2106269.9838846885,4212809.6923828125,56012.071694517064,6040.76598585741,reggae
78.185546875,2234632.816593441,4548641.5283203125,79186.31158601938,6145.46165382568,reggae
100.6357421875,2721070.525635764,5663157.0556640625,18724.904139211216,5562.60296060196,reggae
103.92431640625,3181142.539709029,6834757.1044921875,58192.4450702136,5626.554129787763,reggae
78.8544921875,2958859.411780592,6471825.732421875,-12964.112893287078,5908.0799770588565,reggae
157.21484375,4021515.394631728,8266607.4462890625,59154.89212637196,6342.452682274673,reggae
176.04931640625,3994900.879588916,8501179.39453125,-48637.99282705066,6716.034878425021,reggae
65.98388671875,2782574.397496647,6556354.3212890625,173997.0200950055,6972.150004580497,reggae
65.9345703125,2777617.7669191877,6546825.87890625,173967.22354174696,7049.638130542027,reggae
174.57080078125,3208424.978935716,6267400.2685546875,58138.41371725323,6045.857119423508,reggae
114.09228515625,3175786.1910842434,6535111.81640625,101843.08683013925,6835.644279377332,reggae
78.728515625,2298746.5842934996,4940782.6904296875,34095.33316321065,6135.13046597169,reggae
121.2177734375,2995395.733032263,6050367.1142578125,4784.314496928776,7024.8042005491225,reggae
240.97265625,3882225.551364818,6843521.1181640625,-92600.0033438856,7389.381174363781,reggae
121.9267578125,3283083.464833329,6802177.3681640625,132042.02857464002,7399.97751413886,reggae
128.50048828125,3318733.774027098,6870405.322265625,116668.92473197663,7345.099583461929,reggae
128.50048828125,3318733.774027098,6870405.322265625,116668.92473197663,7345.099583461929,reggae
92.03759765625,1766633.7033726373,3313593.896484375,-129706.00919048517,5069.095841216105,reggae
98.23486328125,2311559.1799639333,4936906.7138671875,-24997.010229630403,5005.904331358294,reggae
128.4765625,2323299.6149259876,4447026.3427734375,-59597.923676969134,6143.35399553277,reggae
336.37109375,5734770.363475759,9859612.280273438,118337.51392005823,10297.732383918883,reggae
157.529296875,4262892.139882322,8935471.801757812,-12308.504284025086,6013.772037273046,reggae
244.61962890625,5018295.947419826,10666902.83203125,-42123.62802571686,5826.910129221485,reggae
49.1796875,1360506.6623211377,2657681.7626953125,28703.229936380543,5732.552575771506,reggae
168.939453125,3708626.1505509713,7495374.2431640625,58292.45486083644,7290.648652646559,reggae
160.11962890625,2991791.504807353,5894972.75390625,-28609.736635751677,6173.841406092206,reggae
155.15087890625,2806514.0446842415,5567969.53125,8192.047176481317,6187.177593598681,reggae
115.44677734375,2726806.5068783313,5953736.865234375,-15055.6869303545,5756.13555797875,reggae
123.634765625,2615062.5674993997,4957750.8544921875,-1239.3960233203416,5672.707378278673,reggae
133.39697265625,3383812.9145241277,7394631.15234375,13273.0120844641,6583.191037198989,reggae
102.99365234375,2107331.3357489323,4116222.509765625,32929.83577061918,6459.9159942653605,reggae
121.5244140625,2594911.629432898,5349106.0546875,-97580.19023900958,4220.001914155616,reggae
83.830078125,2620004.5889887568,5770327.8076171875,77118.87214740133,6362.158885106616,reggae
180.498046875,3189950.4214700516,6107462.40234375,73934.70173015956,6689.041293122342,reggae
116.65478515625,2581251.670060884,5466720.41015625,-7030.604864146428,6013.646655337772,rock
71.06298828125,1977611.124088479,4230596.1181640625,70365.45487970165,5669.480280473683,rock
99.30810546875,2424783.1109052636,5080877.7099609375,58975.97832858133,6777.4758579869085,rock
55.7265625,1837929.6517748227,3933943.9453125,91449.7316659887,5895.287189013756,rock
53.11572265625,1739981.1282966407,3800115.087890625,98945.11148992859,5784.331567442889,rock
99.58837890625,1993976.4447308336,3710569.2626953125,48555.07896682467,5845.417476128023,rock
112.8857421875,2167221.552693071,4208826.0498046875,-25733.095273415995,5345.794118063259,rock
61.00341796875,1657840.520302786,3459793.5791015625,34613.62169197732,5573.231873342527,rock
109.84130859375,2220251.645855711,4347306.0791015625,132871.1378559383,6342.635456838463,rock
54.9951171875,1527332.119442246,3060783.3251953125,4568.058582268314,5838.217189531419,rock
92.71875,2402327.886814337,5419788.7939453125,20078.5430534467,6179.110152837429,rock
70.2490234375,1988104.7491127162,4417859.619140625,26707.092418810542,5325.508010240549,rock
88.21484375,2409734.102088151,5154047.5341796875,-84881.3176575538,5257.067278487631,rock
59.6201171875,2065607.920533298,4946488.9892578125,67943.15745822852,6832.742883055944,rock
108.06787109375,2504601.3044259395,5154090.6005859375,-140869.75866138792,5906.053218003764,rock
147.60888671875,3019882.528305021,5818626.7822265625,-126890.1987794307,5333.3371307040525,rock
184.68359375,3180132.7535926765,6496373.583984375,114872.166897103,7161.046389537943,rock
181.72802734375,2989623.2485932596,5855545.458984375,66874.77313312929,6499.41213985046,rock
149.70361328125,2856292.696802807,5939503.41796875,85700.83100817709,7452.226375426311,rock
165.75048828125,3001297.9967579287,6079017.041015625,-32560.139454829037,6762.919441366184,rock
151.97021484375,2829268.976544857,5731331.1767578125,16738.782230178345,6174.741983481117,rock
157.18798828125,2790560.4124241397,5489965.5029296875,8590.930582602485,6096.477188164832,rock
179.0068359375,3028776.0009408537,5941850.537109375,-2276.3961239972946,6451.0805230276455,rock
149.42822265625,2967158.177329721,6268390.7958984375,-9922.681397661025,4564.910833874904,rock
185.45556640625,3000151.317498481,5775032.8125,-17590.965249911595,6284.947415093589,rock
204.07177734375,3245728.6699586464,6122826.3427734375,32325.67387025111,6439.687552186508,rock
158.91748046875,2926259.973577528,5951583.544921875,68869.26600790492,5946.743810378975,rock
172.38134765625,3448639.4772872906,7036049.4873046875,-19956.388816008846,6240.812185413488,rock
131.8486328125,2646399.1553682582,5295154.6142578125,51985.39188691005,6870.520504753362,rock
144.17138671875,3161421.220487485,6689300.3173828125,92040.48249819687,6491.468563664371,rock
148.587890625,3807058.255633151,8189055.615234375,1799.7587352343332,6056.6301323339485,rock
171.251953125,3412488.7271052543,6856753.271484375,-55531.71339201035,5727.484523558045,rock
151.8251953125,3071370.50802223,6194596.5087890625,119968.22158254495,6023.6625261154995,rock
96.81201171875,2164323.7026739004,4436830.37109375,-5102.937492471922,5017.607988342746,rock
176.482421875,3647031.7538585323,7628244.873046875,123574.39546859096,6616.25071180323,rock
73.67578125,2414137.535311839,5521780.810546875,115570.70462172713,7094.002477154663,rock
191.89697265625,3719546.0343627566,7696375.927734375,150459.48971629687,6701.122326232455,rock
189.12841796875,3396349.2952519297,6525917.138671875,3691.74997521616,7010.528483200587,rock
181.5908203125,3611084.694296116,7574239.599609375,122745.11176189761,6380.50259084269,rock
158.72802734375,3308963.331465748,7042886.279296875,53457.40811108705,6867.231481714813,rock
187.1640625,3891876.608521664,7927642.529296875,40873.13954568204,6456.031784860321,rock
191.82373046875,3629258.801423309,7340593.5791015625,79293.64309624134,6240.114815741166,rock
177.98828125,3613696.4784231624,7600671.6064453125,27910.935933467637,6895.747291589944,rock
186.13623046875,3542033.1357229133,6887276.5869140625,36718.53271534121,6519.142993797701,rock
89.09033203125,2135287.4641368133,4467353.6865234375,70107.92332396921,4836.245853464481,rock
102.08837890625,2018372.7306193055,4193085.2783203125,-138499.77414274908,5604.903064036569,rock
152.8125,3140737.1355236354,6510940.7958984375,320.67038492009624,5608.400986954846,rock
201.99658203125,3876057.543245125,7708908.251953125,30134.036662460072,7158.450836232637,rock
110.23193359375,2128552.2120537953,4116707.0068359375,-28143.357164907993,4990.645518617104,rock
118.09423828125,2686779.7907147314,5813081.982421875,12825.055706937557,6148.760985028415,rock
68.92138671875,2225367.378876161,4927830.46875,97866.6138638672,6120.7740418116755,rock
156.26953125,3919126.376378963,8705346.459960938,103169.70824580293,5721.390990980105,rock
114.5166015625,2827302.610958117,5770284.7412109375,-121879.87510615785,5284.847471753462,rock
242.4990234375,4346708.164266649,8947950.29296875,125621.62355788653,6348.852693138984,rock
171.197265625,3403461.0137519115,6865646.484375,-167244.9578129481,5378.7893452245735,rock
86.08544921875,2214121.9714848846,4678928.173828125,24573.297729593953,6697.429829681736,rock
229.55078125,4270988.866189111,8685342.114257812,143482.86895400315,7576.878905999554,rock
226.36572265625,4510701.5408961605,9904412.109375,61395.280876599,6051.45929182513,rock
127.94873046875,3152343.114871614,7110392.87109375,-27052.13642098708,4671.309315013436,rock
111.89208984375,3134408.685306841,7297301.07421875,-89667.00180958079,5266.486263926636,rock
174.0947265625,3615890.2364941733,8020536.767578125,29543.4138603036,6292.288980410587,rock
89.2880859375,2678290.8723002644,6058797.36328125,-30567.746350716134,4652.284980290926,rock
140.318359375,3810593.1972289137,9030357.861328125,-132525.19528205192,4958.556535901518,rock
72.21337890625,2212375.004139101,4514737.5,-109719.4341210441,5115.349148139432,rock
137.5361328125,2820311.099793435,6063674.6337890625,-63142.09470657463,5808.206906517756,rock
166.91748046875,2966374.6477652676,6116064.9169921875,26733.60214393702,6132.106871796705,rock
138.54052734375,2856861.6538116243,5915623.095703125,-226680.38167925,5589.037485319295,rock
155.01220703125,3121499.139348218,6740441.6748046875,-16712.634406739275,6094.831076508682,rock
152.9296875,3190199.0578461243,6985898.6572265625,-12703.335190418358,6236.368603314189,rock
177.96044921875,3320966.4615982706,6936221.5576171875,-166916.7841535809,4833.08761546568,rock
179.880859375,3247503.842125141,6632463.427734375,-177278.89842630818,5709.444080290762,rock
117.4091796875,2618527.564124298,5910433.59375,120753.39881692867,7049.550404016154,rock
105.64013671875,2499819.705173126,5637091.11328125,100690.20979353809,6259.695665487921,rock
142.25634765625,2875551.1618804666,6358248.8525390625,106253.86675527364,7114.53456236693,rock
117.84521484375,2767394.1210327623,6247051.3916015625,101473.86688015112,6119.395521558101,rock
144.19189453125,2976226.277898995,6584476.6845703125,42564.42578801831,6339.750122658339,rock
92.03662109375,2145836.1137619475,4629186.474609375,49472.12775267362,5362.068208395334,rock
137.365234375,2829054.8777184156,6457172.3876953125,56541.686973188276,7064.702529510676,rock
92.72119140625,2428965.0882370104,5543130.9814453125,36769.01128672295,5555.695809457489,rock
141.07373046875,2777894.729296296,5791688.7451171875,13478.074334175437,5586.412070364955,rock
193.52685546875,3369794.3907970404,6903857.1533203125,9503.25497904111,5719.267614519873,rock
176.0185546875,3301710.477414355,6624571.5087890625,-73102.49898716503,5208.124067438042,rock
237.5400390625,3847715.8428267934,7663064.0625,-462.75956955052516,5937.25424148039,rock
119.97607421875,2736299.031097977,6064223.73046875,28804.59703966626,5876.219268016515,rock
179.986328125,3337839.210222694,6969619.5556640625,29254.40119456409,5534.212595540132,rock
156.42333984375,2916632.2072381093,5829457.9833984375,-167791.52242777293,4991.813029982821,rock
189.14208984375,3259948.7417216254,6245780.9326171875,-125006.25376425032,6065.699837872537,rock
166.21923828125,3018506.8012598697,6230933.7890625,77901.46356821163,6095.423788588836,rock
209.107421875,3349814.2856204906,6321997.705078125,-81540.09017638167,6334.259744852059,rock
94.720703125,2081392.3889860043,4370637.3046875,-25031.50448595515,5327.244711137084,rock
155.982421875,3226970.0995724183,6740678.5400390625,12630.314945191569,3967.464227519822,rock
194.1240234375,3199214.84768655,6147148.095703125,7212.030486126669,6881.452673990627,rock
195.16357421875,3195459.769045996,6060455.419921875,-72822.69789559205,6464.346772975712,rock
127.12890625,2508059.043677675,4846822.55859375,-34068.50414050917,5328.948234038375,rock
189.61767578125,3399120.8773074504,6576035.6689453125,-34078.77283357104,6040.577373018914,rock
115.37109375,2596537.2498146603,5499849.2431640625,-44598.65012963231,5462.605976865565,rock
126.27978515625,2594848.4561782796,5365094.4580078125,-45543.42944239174,6186.033124321022,rock
157.5166015625,2686241.891567629,5212607.080078125,-68897.94431031833,6705.115720452811,rock
63.00048828125,1808518.2516224603,3899210.888671875,-57883.211023293756,5624.310764993206,rock
98.662109375,2081465.0414452595,4198253.2470703125,-82693.46655868617,5560.95512998332,rock
